16; [3,3,3,7] : [[15, 14, 13][12, 11, 9][10, 5, 3][8, 4, 1, 7, 2, 6, 0]] PASS
16; [3,3,4,6] : [[15, 14, 13][12, 11, 9][10, 4, 8, 1][7, 2, 6, 3, 5, 0]] PASS
16; [3,3,5,5] : [[15, 14, 13][12, 11, 9][10, 4, 2, 7, 3][8, 5, 1, 6, 0]] PASS
16; [10,3,3] : [[15, 14, 13, 12, 10, 8, 4, 9, 1, 6][11, 5, 2][7, 3, 0]] PASS
16; [3,4,4,5] : [[15, 14, 13][12, 11, 9, 6][10, 5, 1, 3][8, 2, 7, 4, 0]] PASS
16; [9,3,4] : [[15, 14, 13, 12, 10, 8, 5, 9, 3][11, 4, 1][7, 2, 6, 0]] PASS
16; [8,3,5] : [[15, 14, 13, 12, 10, 8, 3, 11][9, 5, 2][7, 4, 0, 6, 1]] PASS
16; [3,6,7] : [[15, 14, 13][12, 11, 9, 7, 3, 6][10, 5, 0, 4, 1, 8, 2]] PASS
16; [8,4,4] : [[15, 14, 13, 12, 10, 8, 4, 11][9, 2, 5, 0][7, 3, 6, 1]] PASS
16; [4,5,7] : [[15, 14, 13, 12][11, 9, 7, 3, 6][10, 4, 1, 5, 0, 8, 2]] PASS
16; [4,6,6] : [[15, 14, 13, 12][11, 9, 7, 4, 0, 5][10, 2, 6, 3, 8, 1]] PASS
16; [5,5,6] : [[15, 14, 13, 12, 10][11, 9, 5, 1, 4][8, 3, 6, 0, 7, 2]] PASS