18; [3,3,3,4,5] : [[17, 16, 15][14, 13, 11][12, 8, 5][9, 1, 6, 0][10, 4, 2, 7, 3]] PASS
18; [9,3,3,3] : [[17, 16, 15, 14, 12, 10, 5, 1, 7][13, 6, 3][11, 8, 2][9, 4, 0]] PASS
18; [3,3,5,7] : [[17, 16, 15][14, 13, 11][12, 9, 4, 10, 3][8, 2, 6, 1, 5, 7, 0]] PASS
18; [3,3,12] : [[17, 16, 15][14, 13, 11][12, 9, 5, 3, 10, 1, 6, 0, 7, 2, 8, 4]] PASS
18; [3,4,4,7] : [[17, 16, 15][14, 13, 11, 9][12, 6, 2, 5][10, 3, 8, 0, 4, 7, 1]] PASS
18; [3,4,5,6] : [[17, 16, 15][14, 13, 11, 9][12, 7, 4, 10, 3][8, 1, 5, 2, 6, 0]] PASS
18; [3,11,4] : [[17, 16, 15][14, 13, 11, 9, 12, 6, 3, 7, 2, 10, 4][8, 1, 5, 0]] PASS
18; [3,5,5,5] : [[17, 16, 15][14, 13, 11, 9, 6][12, 7, 1, 5, 2][10, 4, 0, 8, 3]] PASS
18; [10,3,5] : [[17, 16, 15, 14, 12, 10, 13, 7, 1, 6][9, 5, 2][11, 4, 0, 8, 3]] PASS
18; [9,3,6] : [[17, 16, 15, 14, 12, 10, 13, 6, 1][11, 5, 2][9, 4, 8, 0, 7, 3]] PASS
18; [8,3,7] : [[17, 16, 15, 14, 12, 10, 13, 6][9, 5, 0][11, 4, 1, 7, 3, 8, 2]] PASS
18; [4,4,4,6] : [[17, 16, 15, 14][13, 11, 9, 6][12, 4, 8, 2][10, 5, 0, 3, 7, 1]] PASS
18; [4,4,5,5] : [[17, 16, 15, 14][13, 11, 9, 6][12, 7, 1, 10, 3][8, 4, 0, 5, 2]] PASS
18; [10,4,4] : [[17, 16, 15, 14, 12, 10, 13, 7, 0, 8][11, 4, 9, 3][6, 2, 5, 1]] PASS
18; [9,4,5] : [[17, 16, 15, 14, 12, 10, 13, 7, 4][8, 1, 5, 0][11, 6, 2, 9, 3]] PASS
18; [8,4,6] : [[17, 16, 15, 14, 12, 10, 13, 7][11, 4, 8, 3][9, 2, 5, 1, 6, 0]] PASS
18; [4,7,7] : [[17, 16, 15, 14][13, 11, 9, 12, 4, 8, 3][10, 5, 2, 6, 0, 7, 1]] PASS
18; [8,5,5] : [[17, 16, 15, 14, 12, 10, 13, 6][11, 5, 1, 9, 4][8, 2, 7, 3, 0]] PASS
18; [5,6,7] : [[17, 16, 15, 14, 12][13, 11, 8, 3, 10, 5][9, 2, 6, 0, 4, 7, 1]] PASS