20; [3,3,3,3,3,5] : [[19, 18, 17][16, 15, 13][14, 10, 5][12, 6, 3][11, 7, 0][9, 4, 2, 8, 1]] PASS
20; [3,3,3,3,4,4] : [[19, 18, 17][16, 15, 13][14, 12, 6][9, 4, 0][11, 5, 8, 1][10, 3, 7, 2]] PASS
20; [3,3,3,4,7] : [[19, 18, 17][16, 15, 13][14, 12, 6][11, 4, 9, 0][10, 3, 7, 2, 8, 5, 1]] PASS
20; [3,3,3,5,6] : [[19, 18, 17][16, 15, 13][14, 12, 6][11, 4, 0, 9, 1][10, 5, 8, 2, 7, 3]] PASS
20; [11,3,3,3] : [[19, 18, 17, 16, 14, 12, 15, 8, 4, 11, 3][13, 7, 2][10, 5, 1][9, 6, 0]] PASS
20; [3,3,4,4,6] : [[19, 18, 17][16, 15, 13][14, 12, 8, 5][11, 4, 9, 3][10, 2, 6, 1, 7, 0]] PASS
20; [3,3,4,5,5] : [[19, 18, 17][16, 15, 13][14, 12, 7, 4][11, 5, 1, 9, 2][10, 6, 0, 8, 3]] PASS
20; [10,3,3,4] : [[19, 18, 17, 16, 14, 12, 15, 9, 4, 7][13, 6, 2][11, 5, 1][10, 3, 8, 0]] PASS
20; [9,3,3,5] : [[19, 18, 17, 16, 14, 12, 15, 9, 4][11, 7, 1][8, 5, 0][13, 6, 2, 10, 3]] PASS
20; [8,3,3,6] : [[19, 18, 17, 16, 14, 12, 15, 8][13, 5, 1][10, 6, 0][11, 3, 9, 4, 7, 2]] PASS
20; [3,3,7,7] : [[19, 18, 17][16, 15, 13][14, 12, 7, 4, 11, 1, 5][10, 6, 0, 8, 3, 9, 2]] PASS
20; [3,3,14] : [[19, 18, 17][16, 15, 13][14, 12, 8, 5, 11, 3, 10, 2, 6, 1, 7, 0, 9, 4]] PASS
20; [3,4,4,4,5] : [[19, 18, 17][16, 15, 13, 11][14, 10, 0, 5][9, 2, 8, 1][12, 6, 3, 7, 4]] PASS
20; [9,3,4,4] : [[19, 18, 17, 16, 14, 12, 15, 11, 5][13, 7, 4][10, 3, 8, 0][9, 2, 6, 1]] PASS
20; [8,3,4,5] : [[19, 18, 17, 16, 14, 12, 15, 10][9, 5, 1][11, 3, 8, 2][13, 6, 0, 7, 4]] PASS
20; [3,4,6,7] : [[19, 18, 17][16, 15, 13, 11][14, 10, 6, 3, 12, 4][9, 2, 8, 5, 0, 7, 1]] PASS
20; [3,4,13] : [[19, 18, 17][16, 15, 13, 11][14, 10, 6, 3, 12, 5, 2, 8, 0, 7, 1, 9, 4]] PASS
20; [3,5,5,7] : [[19, 18, 17][16, 15, 13, 11, 8][14, 10, 3, 12, 4][9, 6, 0, 5, 1, 7, 2]] PASS
20; [3,5,6,6] : [[19, 18, 17][16, 15, 13, 11, 8][14, 10, 4, 9, 2, 5][12, 3, 7, 0, 6, 1]] PASS
20; [3,12,5] : [[19, 18, 17][16, 15, 13, 11, 14, 10, 4, 9, 1, 8, 0, 6][12, 5, 2, 7, 3]] PASS
20; [3,11,6] : [[19, 18, 17][16, 15, 13, 11, 14, 10, 5, 2, 7, 0, 6][12, 4, 8, 1, 9, 3]] PASS
20; [10,3,7] : [[19, 18, 17, 16, 14, 12, 15, 11, 4, 7][10, 6, 1][13, 5, 0, 8, 2, 9, 3]] PASS
20; [8,9,3] : [[19, 18, 17, 16, 14, 12, 15, 10][13, 6, 1, 9, 3, 7, 0, 8, 4][11, 5, 2]] PASS
20; [8,4,4,4] : [[19, 18, 17, 16, 14, 12, 15, 8][13, 9, 0, 5][11, 4, 10, 2][7, 3, 6, 1]] PASS
20; [4,4,5,7] : [[19, 18, 17, 16][15, 13, 11, 8][14, 10, 2, 12, 4][9, 5, 0, 7, 1, 6, 3]] PASS
20; [4,4,6,6] : [[19, 18, 17, 16][15, 13, 11, 8][14, 10, 5, 2, 12, 4][9, 3, 7, 0, 6, 1]] PASS
20; [12,4,4] : [[19, 18, 17, 16, 14, 12, 15, 11, 6, 10, 2, 5][13, 4, 9, 3][8, 1, 7, 0]] PASS
20; [4,5,5,6] : [[19, 18, 17, 16][15, 13, 11, 14, 8][12, 5, 0, 9, 4][10, 2, 6, 3, 7, 1]] PASS
20; [11,4,5] : [[19, 18, 17, 16, 14, 12, 15, 11, 6, 3, 7][9, 2, 8, 1][13, 5, 0, 10, 4]] PASS
20; [10,4,6] : [[19, 18, 17, 16, 14, 12, 15, 11, 6, 3][13, 5, 9, 4][10, 2, 8, 1, 7, 0]] PASS
20; [9,4,7] : [[19, 18, 17, 16, 14, 12, 15, 11, 6][10, 4, 7, 0][13, 5, 1, 9, 2, 8, 3]] PASS
20; [8,8,4] : [[19, 18, 17, 16, 14, 12, 15, 10][13, 6, 3, 7, 1, 9, 0, 5][11, 4, 8, 2]] PASS
20; [10,5,5] : [[19, 18, 17, 16, 14, 12, 15, 11, 4, 7][13, 5, 0, 9, 3][10, 6, 1, 8, 2]] PASS
20; [9,5,6] : [[19, 18, 17, 16, 14, 12, 15, 11, 6][13, 5, 10, 1, 4][9, 3, 7, 0, 8, 2]] PASS
20; [8,5,7] : [[19, 18, 17, 16, 14, 12, 15, 10][13, 6, 3, 11, 4][9, 5, 1, 7, 2, 8, 0]] PASS
20; [8,6,6] : [[19, 18, 17, 16, 14, 12, 15, 10][13, 6, 3, 7, 1, 5][11, 4, 9, 0, 8, 2]] PASS
20; [6,7,7] : [[19, 18, 17, 16, 14, 12][15, 11, 8, 4, 7, 1, 6][13, 5, 0, 10, 3, 9, 2]] PASS