22; [3,3,3,3,3,3,4] : [[21, 20, 19][18, 17, 15][16, 14, 8][13, 6, 1][12, 5, 2][11, 7, 3][10, 4, 9, 0]] PASS
22; [3,3,3,3,3,7] : [[21, 20, 19][18, 17, 15][16, 14, 8][13, 7, 3][12, 5, 0][11, 4, 9, 6, 2, 10, 1]] PASS
22; [3,3,3,3,4,6] : [[21, 20, 19][18, 17, 15][16, 14, 9][13, 7, 3][12, 5, 8, 4][11, 2, 10, 1, 6, 0]] PASS
22; [3,3,3,3,5,5] : [[21, 20, 19][18, 17, 15][16, 14, 8][13, 7, 4][12, 2, 9, 5, 0][11, 3, 10, 6, 1]] PASS
22; [3,3,3,4,4,5] : [[21, 20, 19][18, 17, 15][16, 14, 9][13, 6, 12, 4][11, 2, 10, 0][8, 5, 1, 7, 3]] PASS
22; [9,3,3,3,4] : [[21, 20, 19, 18, 16, 14, 17, 13, 7][15, 8, 5][12, 6, 1][9, 4, 0][11, 3, 10, 2]] PASS
22; [8,3,3,3,5] : [[21, 20, 19, 18, 16, 14, 17, 11][15, 8, 3][12, 6, 2][10, 7, 0][13, 5, 1, 9, 4]] PASS
22; [3,3,3,6,7] : [[21, 20, 19][18, 17, 15][16, 14, 9][13, 6, 12, 3, 11, 2][10, 5, 1, 7, 4, 8, 0]] PASS
22; [3,3,3,13] : [[21, 20, 19][18, 17, 15][16, 14, 9][13, 7, 4, 8, 3, 11, 2, 6, 0, 10, 1, 12, 5]] PASS
22; [3,3,4,4,4,4] : [[21, 20, 19][18, 17, 15][16, 14, 11, 7][13, 5, 12, 2][10, 4, 8, 3][9, 1, 6, 0]] PASS
22; [8,3,3,4,4] : [[21, 20, 19, 18, 16, 14, 17, 12][15, 8, 4][10, 7, 3][13, 5, 11, 2][9, 1, 6, 0]] PASS
22; [3,3,4,5,7] : [[21, 20, 19][18, 17, 15][16, 14, 11, 6][13, 7, 0, 8, 4][12, 3, 9, 2, 10, 5, 1]] PASS
22; [3,3,4,6,6] : [[21, 20, 19][18, 17, 15][16, 14, 11, 7][13, 5, 12, 1, 9, 4][10, 3, 8, 2, 6, 0]] PASS
22; [12,3,3,4] : [[21, 20, 19, 18, 16, 14, 17, 13, 8, 5, 11, 4][15, 7, 3][12, 6, 1][10, 2, 9, 0]] PASS
22; [3,3,5,5,6] : [[21, 20, 19][18, 17, 15][16, 14, 11, 4, 8][12, 6, 1, 7, 3][13, 5, 10, 0, 9, 2]] PASS
22; [3,3,11,5] : [[21, 20, 19][18, 17, 15][16, 14, 11, 7, 3, 12, 2, 8, 1, 9, 4][13, 6, 0, 10, 5]] PASS
22; [10,3,3,6] : [[21, 20, 19, 18, 16, 14, 17, 13, 8, 5][15, 7, 3][12, 6, 1][11, 4, 10, 2, 9, 0]] PASS
22; [9,3,3,7] : [[21, 20, 19, 18, 16, 14, 17, 13, 8][15, 7, 4][12, 5, 1][11, 6, 0, 9, 3, 10, 2]] PASS
22; [8,8,3,3] : [[21, 20, 19, 18, 16, 14, 17, 13][15, 6, 12, 3, 10, 2, 9, 4][11, 7, 1][8, 5, 0]] PASS
22; [16,3,3] : [[21, 20, 19, 18, 16, 14, 17, 13, 9, 3, 10, 2, 11, 4, 15, 6][12, 7, 1][8, 5, 0]] PASS
22; [3,4,4,4,7] : [[21, 20, 19][18, 17, 15, 13][16, 12, 9, 6][11, 4, 10, 2][14, 5, 1, 7, 0, 8, 3]] PASS
22; [3,4,4,5,6] : [[21, 20, 19][18, 17, 15, 13][16, 12, 9, 4][14, 6, 2, 8, 5][11, 3, 10, 0, 7, 1]] PASS
22; [3,11,4,4] : [[21, 20, 19][18, 17, 15, 13, 16, 12, 9, 3, 8, 0, 7][14, 5, 11, 4][10, 2, 6, 1]] PASS
22; [3,4,5,5,5] : [[21, 20, 19][18, 17, 15, 13][16, 12, 8, 0, 5][14, 7, 1, 10, 4][11, 3, 6, 9, 2]] PASS
22; [10,3,4,5] : [[21, 20, 19, 18, 16, 14, 17, 13, 10, 4][11, 6, 1][9, 2, 8, 0][15, 7, 3, 12, 5]] PASS
22; [9,3,4,6] : [[21, 20, 19, 18, 16, 14, 17, 13, 9][15, 7, 4][12, 5, 11, 2][10, 3, 8, 0, 6, 1]] PASS
22; [8,3,4,7] : [[21, 20, 19, 18, 16, 14, 17, 13][15, 8, 5][12, 4, 10, 3][11, 6, 2, 7, 1, 9, 0]] PASS
22; [3,4,15] : [[21, 20, 19][18, 17, 15, 13][16, 12, 9, 6, 14, 4, 10, 1, 8, 2, 11, 3, 7, 0, 5]] PASS
22; [9,3,5,5] : [[21, 20, 19, 18, 16, 14, 17, 13, 8][10, 7, 2][15, 6, 0, 11, 4][12, 5, 1, 9, 3]] PASS
22; [8,3,5,6] : [[21, 20, 19, 18, 16, 14, 17, 13][15, 8, 5][12, 6, 1, 10, 4][11, 3, 7, 2, 9, 0]] PASS
22; [3,5,7,7] : [[21, 20, 19][18, 17, 15, 13, 10][16, 12, 8, 0, 7, 1, 6][14, 5, 2, 11, 4, 9, 3]] PASS
22; [3,5,14] : [[21, 20, 19][18, 17, 15, 13, 10][16, 12, 9, 3, 11, 2, 7, 0, 6, 1, 8, 4, 14, 5]] PASS
22; [3,6,6,7] : [[21, 20, 19][18, 17, 15, 13, 16, 11][14, 5, 12, 2, 7, 3][10, 4, 8, 0, 6, 9, 1]] PASS
22; [3,13,6] : [[21, 20, 19][18, 17, 15, 13, 16, 12, 9, 4, 14, 5, 11, 1, 6][10, 3, 7, 0, 8, 2]] PASS
22; [3,12,7] : [[21, 20, 19][18, 17, 15, 13, 16, 12, 8, 3, 11, 6, 0, 7][14, 5, 2, 9, 1, 10, 4]] PASS
22; [8,3,11] : [[21, 20, 19, 18, 16, 14, 17, 13][15, 8, 5][12, 6, 2, 7, 1, 10, 3, 11, 0, 9, 4]] PASS
22; [9,10,3] : [[21, 20, 19, 18, 16, 14, 17, 13, 9][15, 6, 12, 3, 10, 2, 7, 1, 11, 4][8, 5, 0]] PASS
22; [4,4,4,4,6] : [[21, 20, 19, 18][17, 15, 13, 10][16, 12, 6, 3][14, 5, 9, 4][11, 2, 7, 1, 8, 0]] PASS
22; [4,4,4,5,5] : [[21, 20, 19, 18][17, 15, 13, 10][16, 12, 1, 7][14, 6, 0, 8, 3][11, 4, 9, 5, 2]] PASS
22; [10,4,4,4] : [[21, 20, 19, 18, 16, 14, 17, 13, 10, 6][15, 7, 0, 5][12, 4, 9, 3][11, 2, 8, 1]] PASS
22; [9,4,4,5] : [[21, 20, 19, 18, 16, 14, 17, 13, 9][15, 6, 12, 4][11, 3, 10, 1][8, 5, 0, 7, 2]] PASS
22; [8,4,4,6] : [[21, 20, 19, 18, 16, 14, 17, 13][15, 8, 2, 6][9, 4, 7, 1][12, 5, 10, 0, 11, 3]] PASS
22; [4,4,7,7] : [[21, 20, 19, 18][17, 15, 13, 10][16, 12, 8, 2, 11, 3, 6][14, 5, 0, 7, 1, 9, 4]] PASS
22; [4,4,14] : [[21, 20, 19, 18][17, 15, 13, 10][16, 12, 8, 3, 11, 4, 14, 5, 2, 7, 1, 9, 0, 6]] PASS
22; [8,4,5,5] : [[21, 20, 19, 18, 16, 14, 17, 13][15, 6, 12, 4][11, 7, 2, 9, 3][10, 1, 8, 5, 0]] PASS
22; [4,5,6,7] : [[21, 20, 19, 18][17, 15, 13, 16, 11][14, 5, 12, 3, 8, 4][10, 2, 6, 9, 1, 7, 0]] PASS
22; [4,5,13] : [[21, 20, 19, 18][17, 15, 13, 16, 11][14, 6, 3, 12, 5, 9, 2, 7, 1, 10, 0, 8, 4]] PASS
22; [4,6,6,6] : [[21, 20, 19, 18][17, 15, 13, 16, 12, 8][14, 5, 11, 1, 9, 4][10, 3, 6, 0, 7, 2]] PASS
22; [4,12,6] : [[21, 20, 19, 18][17, 15, 13, 16, 12, 9, 4, 8, 1, 7, 0, 6][14, 5, 10, 2, 11, 3]] PASS
22; [11,4,7] : [[21, 20, 19, 18, 16, 14, 17, 13, 10, 4, 9][11, 3, 7, 2][15, 6, 0, 8, 1, 12, 5]] PASS
22; [8,10,4] : [[21, 20, 19, 18, 16, 14, 17, 13][15, 8, 5, 12, 6, 1, 9, 0, 10, 4][11, 3, 7, 2]] PASS
22; [9,9,4] : [[21, 20, 19, 18, 16, 14, 17, 13, 10][15, 6, 2, 7, 1, 11, 4, 12, 5][9, 3, 8, 0]] PASS
22; [5,5,5,7] : [[21, 20, 19, 18, 16][17, 15, 12, 9, 5][14, 10, 2, 13, 4][11, 6, 0, 7, 1, 8, 3]] PASS
22; [5,5,6,6] : [[21, 20, 19, 18, 16][17, 15, 12, 9, 5][14, 10, 3, 8, 0, 6][13, 4, 11, 1, 7, 2]] PASS
22; [12,5,5] : [[21, 20, 19, 18, 16, 14, 17, 13, 10, 3, 12, 5][15, 7, 2, 8, 4][11, 6, 0, 9, 1]] PASS
22; [11,5,6] : [[21, 20, 19, 18, 16, 14, 17, 13, 10, 4, 9][15, 6, 1, 12, 5][11, 3, 7, 0, 8, 2]] PASS
22; [10,5,7] : [[21, 20, 19, 18, 16, 14, 17, 13, 10, 5][15, 7, 3, 12, 4][11, 6, 0, 9, 2, 8, 1]] PASS
22; [8,9,5] : [[21, 20, 19, 18, 16, 14, 17, 13][15, 8, 5, 12, 3, 7, 2, 10, 4][11, 6, 0, 9, 1]] PASS
22; [10,6,6] : [[21, 20, 19, 18, 16, 14, 17, 13, 10, 6][15, 7, 1, 8, 0, 5][12, 3, 9, 4, 11, 2]] PASS
22; [9,6,7] : [[21, 20, 19, 18, 16, 14, 17, 13, 10][12, 4, 11, 3, 8, 2][15, 6, 1, 7, 0, 9, 5]] PASS
22; [8,8,6] : [[21, 20, 19, 18, 16, 14, 17, 13][15, 8, 5, 12, 6, 0, 9, 4][11, 3, 7, 2, 10, 1]] PASS
22; [8,7,7] : [[21, 20, 19, 18, 16, 14, 17, 13][15, 8, 5, 11, 3, 12, 4][10, 6, 1, 7, 2, 9, 0]] PASS