24; [3,3,3,3,3,3,6] : [[23, 22, 21][20, 19, 17][18, 16, 12][15, 8, 4][14, 7, 2][9, 6, 0][13, 5, 10, 1, 11, 3]] PASS
24; [3,3,3,3,3,4,5] : [[23, 22, 21][20, 19, 17][18, 16, 12][15, 8, 5][14, 7, 3][13, 4, 9, 1][11, 6, 0, 10, 2]] PASS
24; [3,3,3,3,4,4,4] : [[23, 22, 21][20, 19, 17][18, 16, 13][15, 7, 3][14, 6, 12, 5][11, 1, 10, 0][9, 4, 8, 2]] PASS
24; [8,3,3,3,3,4] : [[23, 22, 21, 20, 18, 16, 19, 15][17, 9, 6][14, 8, 3][13, 7, 0][10, 5, 1][12, 4, 11, 2]] PASS
24; [3,3,3,3,5,7] : [[23, 22, 21][20, 19, 17][18, 16, 12][15, 8, 5][14, 6, 1, 13, 4][11, 7, 2, 10, 3, 9, 0]] PASS
24; [3,3,3,3,6,6] : [[23, 22, 21][20, 19, 17][18, 16, 13][15, 7, 3][14, 6, 12, 5, 9, 4][11, 2, 8, 1, 10, 0]] PASS
24; [3,3,3,4,4,7] : [[23, 22, 21][20, 19, 17][18, 16, 13][15, 6, 14, 5][10, 4, 8, 3][12, 2, 9, 1, 7, 11, 0]] PASS
24; [3,3,3,4,5,6] : [[23, 22, 21][20, 19, 17][18, 16, 13][15, 6, 14, 5][12, 2, 7, 11, 0][10, 4, 8, 1, 9, 3]] PASS
24; [3,3,3,11,4] : [[23, 22, 21][20, 19, 17][18, 16, 13][15, 7, 3, 14, 6, 10, 4, 9, 0, 12, 5][11, 2, 8, 1]] PASS
24; [3,3,3,3,3,9] : [[23, 22, 21][20, 19, 17][18, 16, 12][15, 8, 5][14, 7, 2][13, 4, 10, 6, 1, 9, 0, 11, 3]] PASS
24; [3,3,3,5,5,5] : [[23, 22, 21][20, 19, 17][18, 16, 12][15, 8, 5, 13, 3][14, 6, 1, 10, 4][11, 7, 2, 9, 0]] PASS
24; [10,3,3,3,5] : [[23, 22, 21, 20, 18, 16, 19, 15, 7, 13][17, 8, 4][12, 9, 2][11, 5, 0][14, 6, 1, 10, 3]] PASS
24; [9,3,3,3,6] : [[23, 22, 21, 20, 18, 16, 19, 15, 11][17, 8, 5][14, 6, 1][12, 7, 0][13, 4, 10, 2, 9, 3]] PASS
24; [8,3,3,3,7] : [[23, 22, 21, 20, 18, 16, 19, 15][17, 11, 5][14, 7, 4][12, 8, 3][13, 6, 1, 9, 0, 10, 2]] PASS
24; [3,3,3,15] : [[23, 22, 21][20, 19, 17][18, 16, 13][15, 7, 3, 14, 6, 12, 0, 10, 1, 8, 4, 9, 2, 11, 5]] PASS
24; [3,3,4,4,4,6] : [[23, 22, 21][20, 19, 17][18, 16, 13, 9][15, 7, 14, 4][12, 2, 6, 0][11, 5, 10, 1, 8, 3]] PASS
24; [3,3,4,4,5,5] : [[23, 22, 21][20, 19, 17][18, 16, 13, 9][15, 6, 14, 3][12, 7, 0, 8, 2][11, 4, 10, 5, 1]] PASS
24; [10,3,3,4,4] : [[23, 22, 21, 20, 18, 16, 19, 15, 12, 7][17, 9, 3][13, 6, 2][14, 5, 10, 4][11, 1, 8, 0]] PASS
24; [9,3,3,4,5] : [[23, 22, 21, 20, 18, 16, 19, 15, 11][17, 10, 5][12, 7, 1][9, 2, 8, 0][14, 6, 3, 13, 4]] PASS
24; [8,3,3,4,6] : [[23, 22, 21, 20, 18, 16, 19, 15][17, 13, 6][14, 7, 2][12, 4, 9, 3][11, 5, 8, 0, 10, 1]] PASS
24; [3,3,4,7,7] : [[23, 22, 21][20, 19, 17][18, 16, 13, 9][15, 8, 4, 14, 3, 11, 5][12, 6, 1, 10, 2, 7, 0]] PASS
24; [3,3,4,14] : [[23, 22, 21][20, 19, 17][18, 16, 13, 9][15, 8, 4, 14, 6, 1, 7, 2, 10, 3, 12, 0, 11, 5]] PASS
24; [8,3,3,5,5] : [[23, 22, 21, 20, 18, 16, 19, 15][17, 11, 5][10, 7, 0][14, 6, 2, 12, 3][13, 8, 1, 9, 4]] PASS
24; [3,3,5,6,7] : [[23, 22, 21][20, 19, 17][18, 16, 13, 9, 5][15, 8, 14, 3, 12, 4][11, 6, 1, 7, 0, 10, 2]] PASS
24; [3,3,5,13] : [[23, 22, 21][20, 19, 17][18, 16, 13, 9, 5][15, 10, 4, 14, 3, 11, 2, 7, 0, 8, 1, 12, 6]] PASS
24; [3,3,11,7] : [[23, 22, 21][20, 19, 17][18, 16, 13, 9, 15, 7, 3, 8, 1, 12, 6][14, 5, 0, 10, 2, 11, 4]] PASS
24; [8,10,3,3] : [[23, 22, 21, 20, 18, 16, 19, 15][17, 11, 7, 0, 10, 3, 12, 4, 14, 5][13, 8, 2][9, 6, 1]] PASS
24; [9,9,3,3] : [[23, 22, 21, 20, 18, 16, 19, 15, 12][17, 8, 3, 9, 1, 11, 4, 13, 5][14, 7, 2][10, 6, 0]] PASS
24; [18,3,3] : [[23, 22, 21, 20, 18, 16, 19, 15, 12, 7, 17, 5, 13, 4, 11, 2, 9, 1][14, 8, 3][10, 6, 0]] PASS
24; [3,4,4,4,4,5] : [[23, 22, 21][20, 19, 17, 15][18, 14, 11, 8][16, 6, 12, 4][10, 3, 7, 1][13, 5, 0, 9, 2]] PASS
24; [9,3,4,4,4] : [[23, 22, 21, 20, 18, 16, 19, 15, 12][14, 9, 5][17, 7, 0, 6][13, 4, 10, 2][11, 3, 8, 1]] PASS
24; [8,3,4,4,5] : [[23, 22, 21, 20, 18, 16, 19, 15][17, 13, 6][14, 4, 11, 2][10, 5, 8, 0][12, 7, 1, 9, 3]] PASS
24; [3,4,4,6,7] : [[23, 22, 21][20, 19, 17, 15][18, 14, 11, 8][16, 6, 13, 2, 10, 4][12, 5, 0, 9, 1, 7, 3]] PASS
24; [3,4,4,13] : [[23, 22, 21][20, 19, 17, 15][18, 14, 11, 8][16, 7, 3, 13, 5, 12, 1, 6, 0, 9, 2, 10, 4]] PASS
24; [3,4,5,5,7] : [[23, 22, 21][20, 19, 17, 15][18, 14, 11, 8, 4][13, 7, 2, 10, 3][16, 6, 0, 9, 1, 12, 5]] PASS
24; [3,4,5,6,6] : [[23, 22, 21][20, 19, 17, 15][18, 14, 11, 16, 6][13, 5, 12, 3, 9, 2][10, 1, 7, 4, 8, 0]] PASS
24; [4,3,12,5] : [[23, 22, 21, 20][19, 17, 15][18, 14, 11, 8, 3, 13, 6, 0, 9, 2, 10, 5][16, 7, 1, 12, 4]] PASS
24; [3,11,4,6] : [[23, 22, 21][20, 19, 17, 15, 18, 14, 11, 7, 16, 4, 9][13, 5, 12, 3][10, 2, 8, 1, 6, 0]] PASS
24; [10,3,4,7] : [[23, 22, 21, 20, 18, 16, 19, 15, 12, 8][14, 7, 2][17, 6, 13, 4][11, 5, 0, 10, 1, 9, 3]] PASS
24; [8,9,3,4] : [[23, 22, 21, 20, 18, 16, 19, 15][17, 13, 6, 14, 4, 10, 1, 8, 5][12, 7, 2][11, 3, 9, 0]] PASS
24; [17,3,4] : [[23, 22, 21, 20, 18, 16, 19, 15, 12, 8, 17, 7, 2, 13, 6, 14, 4][11, 5, 0][10, 3, 9, 1]] PASS
24; [3,5,5,5,6] : [[23, 22, 21][20, 19, 17, 15, 12][18, 14, 11, 2, 8][16, 6, 1, 13, 5][10, 4, 9, 0, 7, 3]] PASS
24; [3,11,5,5] : [[23, 22, 21][20, 19, 17, 15, 18, 14, 11, 5, 13, 2, 10][16, 6, 1, 8, 4][12, 7, 0, 9, 3]] PASS
24; [10,3,5,6] : [[23, 22, 21, 20, 18, 16, 19, 15, 12, 8][14, 7, 2][17, 6, 0, 10, 3][13, 5, 11, 1, 9, 4]] PASS
24; [9,3,5,7] : [[23, 22, 21, 20, 18, 16, 19, 15, 12][14, 8, 4][17, 7, 2, 13, 6][11, 5, 0, 9, 1, 10, 3]] PASS
24; [8,8,3,5] : [[23, 22, 21, 20, 18, 16, 19, 15][17, 11, 8, 1, 9, 4, 14, 5][12, 7, 3][13, 6, 0, 10, 2]] PASS
24; [16,3,5] : [[23, 22, 21, 20, 18, 16, 19, 15, 12, 8, 17, 5, 13, 3, 10, 4][14, 7, 2][11, 6, 0, 9, 1]] PASS
24; [9,3,6,6] : [[23, 22, 21, 20, 18, 16, 19, 15, 12][17, 10, 6][14, 5, 13, 3, 9, 4][11, 2, 7, 1, 8, 0]] PASS
24; [8,3,6,7] : [[23, 22, 21, 20, 18, 16, 19, 15][17, 13, 6][14, 5, 12, 0, 9, 4][11, 3, 8, 2, 10, 7, 1]] PASS
24; [3,6,15] : [[23, 22, 21][20, 19, 17, 15, 18, 14][16, 8, 5, 13, 6, 12, 2, 7, 3, 10, 1, 11, 0, 9, 4]] PASS
24; [3,7,7,7] : [[23, 22, 21][20, 19, 17, 15, 18, 14, 10][16, 8, 5, 12, 2, 13, 4][11, 6, 1, 7, 0, 9, 3]] PASS
24; [3,14,7] : [[23, 22, 21][20, 19, 17, 15, 18, 14, 11, 7, 2, 10, 1, 8, 3, 9][16, 6, 0, 13, 4, 12, 5]] PASS
24; [8,3,13] : [[23, 22, 21, 20, 18, 16, 19, 15][17, 13, 6][14, 7, 4, 10, 5, 11, 1, 9, 0, 8, 3, 12, 2]] PASS
24; [9,3,12] : [[23, 22, 21, 20, 18, 16, 19, 15, 12][17, 10, 6][14, 5, 13, 3, 8, 2, 11, 0, 7, 1, 9, 4]] PASS
24; [3,10,11] : [[23, 22, 21][20, 19, 17, 15, 18, 14, 11, 7, 16, 6][13, 5, 0, 10, 4, 12, 1, 8, 3, 9, 2]] PASS
24; [8,4,4,4,4] : [[23, 22, 21, 20, 18, 16, 19, 15][17, 13, 1, 7][14, 6, 12, 4][11, 2, 9, 0][10, 5, 8, 3]] PASS
24; [4,4,4,5,7] : [[23, 22, 21, 20][19, 17, 15, 12][18, 14, 10, 5][16, 7, 2, 13, 4][11, 3, 9, 6, 0, 8, 1]] PASS
24; [4,4,4,6,6] : [[23, 22, 21, 20][19, 17, 15, 12][18, 14, 11, 6][16, 5, 9, 4, 13, 3][10, 2, 8, 0, 7, 1]] PASS
24; [12,4,4,4] : [[23, 22, 21, 20, 18, 16, 19, 15, 12, 8, 3, 14][17, 7, 1, 6][13, 5, 11, 4][10, 2, 9, 0]] PASS
24; [4,4,5,5,6] : [[23, 22, 21, 20][19, 17, 15, 12][18, 14, 11, 3, 8][16, 6, 2, 13, 5][10, 4, 9, 0, 7, 1]] PASS
24; [11,4,4,5] : [[23, 22, 21, 20, 18, 16, 19, 15, 12, 17, 6][14, 5, 9, 4][11, 3, 10, 1][13, 7, 0, 8, 2]] PASS
24; [10,4,4,6] : [[23, 22, 21, 20, 18, 16, 19, 15, 12, 8][17, 10, 0, 6][14, 5, 13, 3][11, 4, 9, 1, 7, 2]] PASS
24; [9,4,4,7] : [[23, 22, 21, 20, 18, 16, 19, 15, 12][17, 9, 3, 7][14, 5, 10, 4][13, 6, 1, 8, 0, 11, 2]] PASS
24; [8,8,4,4] : [[23, 22, 21, 20, 18, 16, 19, 15][17, 13, 7, 4, 14, 6, 11, 5][12, 3, 8, 1][10, 2, 9, 0]] PASS
24; [16,4,4] : [[23, 22, 21, 20, 18, 16, 19, 15, 12, 17, 7, 2, 10, 4, 13, 6][14, 5, 9, 3][11, 1, 8, 0]] PASS
24; [4,5,5,5,5] : [[23, 22, 21, 20][19, 17, 15, 18, 13][16, 9, 4, 14, 5][12, 3, 6, 10, 2][11, 7, 1, 8, 0]] PASS
24; [10,4,5,5] : [[23, 22, 21, 20, 18, 16, 19, 15, 12, 8][17, 6, 11, 4][14, 7, 1, 10, 2][13, 5, 0, 9, 3]] PASS
24; [9,4,5,6] : [[23, 22, 21, 20, 18, 16, 19, 15, 12][17, 9, 2, 6][13, 7, 1, 11, 4][14, 5, 10, 0, 8, 3]] PASS
24; [8,4,5,7] : [[23, 22, 21, 20, 18, 16, 19, 15][17, 11, 5, 8][14, 3, 13, 6, 2][12, 7, 0, 10, 1, 9, 4]] PASS
24; [4,5,15] : [[23, 22, 21, 20][19, 17, 15, 18, 14][16, 8, 5, 13, 4, 10, 3, 7, 2, 9, 0, 11, 1, 12, 6]] PASS
24; [8,4,6,6] : [[23, 22, 21, 20, 18, 16, 19, 15][17, 13, 4, 7][14, 6, 12, 5, 10, 2][11, 1, 8, 3, 9, 0]] PASS
24; [4,6,7,7] : [[23, 22, 21, 20][19, 17, 15, 18, 14, 10][16, 8, 3, 13, 4, 12, 5][11, 1, 7, 2, 9, 6, 0]] PASS
24; [4,14,6] : [[23, 22, 21, 20][19, 17, 15, 18, 14, 11, 7, 16, 6, 1, 12, 5, 0, 8][13, 4, 10, 2, 9, 3]] PASS
24; [4,13,7] : [[23, 22, 21, 20][19, 17, 15, 18, 14, 11, 7, 16, 4, 13, 2, 12, 6][10, 5, 0, 8, 1, 9, 3]] PASS
24; [8,4,12] : [[23, 22, 21, 20, 18, 16, 19, 15][17, 13, 4, 7][14, 6, 12, 5, 10, 1, 11, 0, 8, 3, 9, 2]] PASS
24; [9,11,4] : [[23, 22, 21, 20, 18, 16, 19, 15, 12][17, 10, 5, 14, 4, 9, 1, 7, 3, 13, 6][11, 2, 8, 0]] PASS
24; [10,10,4] : [[23, 22, 21, 20, 18, 16, 19, 15, 12, 8][17, 10, 5, 14, 4, 13, 3, 11, 0, 6][9, 2, 7, 1]] PASS
24; [9,5,5,5] : [[23, 22, 21, 20, 18, 16, 19, 15, 12][17, 8, 4, 14, 5][13, 7, 2, 9, 1][11, 6, 0, 10, 3]] PASS
24; [8,5,5,6] : [[23, 22, 21, 20, 18, 16, 19, 15][17, 13, 6, 14, 5][12, 7, 4, 11, 1][10, 2, 8, 3, 9, 0]] PASS
24; [5,5,7,7] : [[23, 22, 21, 20, 18][19, 17, 14, 11, 7][16, 12, 5, 13, 1, 8, 3][15, 6, 0, 9, 4, 10, 2]] PASS
24; [5,5,14] : [[23, 22, 21, 20, 18][19, 17, 14, 11, 7][16, 12, 6, 15, 5, 0, 8, 1, 9, 4, 10, 3, 13, 2]] PASS
24; [5,6,6,7] : [[23, 22, 21, 20, 18][19, 17, 14, 11, 16, 9][15, 6, 12, 3, 8, 4][13, 5, 1, 7, 0, 10, 2]] PASS
24; [13,6,5] : [[23, 22, 21, 20, 18, 16, 19, 15, 12, 8, 17, 7, 2][14, 4, 9, 1, 10, 3][13, 6, 0, 11, 5]] PASS
24; [12,5,7] : [[23, 22, 21, 20, 18, 16, 19, 15, 12, 8, 17, 7][14, 6, 1, 13, 3][11, 5, 0, 9, 2, 10, 4]] PASS
24; [8,11,5] : [[23, 22, 21, 20, 18, 16, 19, 15][17, 13, 6, 14, 4, 11, 0, 9, 3, 8, 5][12, 7, 1, 10, 2]] PASS
24; [9,10,5] : [[23, 22, 21, 20, 18, 16, 19, 15, 12][17, 9, 5, 14, 3, 13, 2, 8, 0, 7][11, 6, 1, 10, 4]] PASS
24; [12,6,6] : [[23, 22, 21, 20, 18, 16, 19, 15, 12, 8, 17, 7][14, 6, 0, 5, 13, 2][11, 4, 9, 3, 10, 1]] PASS
24; [11,6,7] : [[23, 22, 21, 20, 18, 16, 19, 15, 12, 17, 6][14, 5, 13, 4, 9, 3][11, 7, 0, 10, 2, 8, 1]] PASS
24; [8,10,6] : [[23, 22, 21, 20, 18, 16, 19, 15][17, 13, 7, 4, 14, 5, 10, 3, 11, 6][12, 2, 8, 1, 9, 0]] PASS
24; [9,9,6] : [[23, 22, 21, 20, 18, 16, 19, 15, 12][17, 10, 5, 9, 4, 13, 3, 14, 6][11, 2, 8, 0, 7, 1]] PASS
24; [10,7,7] : [[23, 22, 21, 20, 18, 16, 19, 15, 12, 8][17, 9, 4, 14, 3, 13, 6][11, 5, 0, 7, 1, 10, 2]] PASS
24; [8,9,7] : [[23, 22, 21, 20, 18, 16, 19, 15][17, 13, 6, 14, 4, 10, 3, 8, 5][12, 7, 1, 9, 0, 11, 2]] PASS