26; [3,3,3,3,3,3,3,5] : [[25, 24, 23][22, 21, 19][20, 18, 13][17, 11, 5][16, 8, 4][15, 6, 1][14, 7, 3][12, 9, 0, 10, 2]] PASS
26; [3,3,3,3,3,3,4,4] : [[25, 24, 23][22, 21, 19][20, 18, 15][17, 11, 6][16, 8, 4][13, 7, 3][14, 5, 12, 1][10, 2, 9, 0]] PASS
26; [8,3,3,3,3,3,3] : [[25, 24, 23, 22, 20, 18, 21, 15][19, 12, 4][17, 8, 5][16, 10, 2][14, 7, 3][13, 9, 0][11, 6, 1]] PASS
26; [3,3,3,3,3,4,7] : [[25, 24, 23][22, 21, 19][20, 18, 15][17, 11, 6][16, 8, 4][14, 5, 9, 1][13, 7, 0, 10, 3, 12, 2]] PASS
26; [3,3,3,3,3,5,6] : [[25, 24, 23][22, 21, 19][20, 18, 15][17, 11, 6][16, 8, 4][14, 7, 1, 9, 5][13, 2, 12, 3, 10, 0]] PASS
26; [11,3,3,3,3,3] : [[25, 24, 23, 22, 20, 18, 21, 17, 12, 3, 13][19, 10, 4][16, 8, 5][15, 9, 2][14, 6, 1][11, 7, 0]] PASS
26; [3,3,3,3,4,4,6] : [[25, 24, 23][22, 21, 19][20, 18, 15][17, 12, 6][16, 7, 14, 3][10, 4, 8, 0][13, 5, 9, 2, 11, 1]] PASS
26; [3,3,3,3,4,5,5] : [[25, 24, 23][22, 21, 19][20, 18, 15][17, 11, 6][16, 4, 14, 3][13, 7, 0, 9, 5][12, 8, 1, 10, 2]] PASS
26; [10,3,3,3,3,4] : [[25, 24, 23, 22, 20, 18, 21, 17, 14, 7][19, 11, 5][16, 9, 3][15, 6, 1][13, 8, 4][12, 2, 10, 0]] PASS
26; [9,3,3,3,3,5] : [[25, 24, 23, 22, 20, 18, 21, 17, 12][19, 11, 5][16, 8, 4][14, 7, 2][13, 6, 3][15, 9, 0, 10, 1]] PASS
26; [8,3,3,3,3,6] : [[25, 24, 23, 22, 20, 18, 21, 17][19, 16, 7][15, 9, 5][14, 6, 1][13, 8, 2][12, 4, 11, 0, 10, 3]] PASS
26; [3,3,3,3,7,7] : [[25, 24, 23][22, 21, 19][20, 18, 15][17, 11, 6][16, 8, 4, 14, 2, 12, 5][13, 7, 3, 10, 1, 9, 0]] PASS
26; [3,3,3,4,4,4,5] : [[25, 24, 23][22, 21, 19][20, 18, 15][17, 11, 4, 8][16, 6, 14, 3][13, 5, 9, 2][12, 7, 1, 10, 0]] PASS
26; [9,3,3,3,4,4] : [[25, 24, 23, 22, 20, 18, 21, 17, 14][19, 13, 6][15, 8, 4][12, 7, 2][16, 5, 11, 3][10, 1, 9, 0]] PASS
26; [8,3,3,3,4,5] : [[25, 24, 23, 22, 20, 18, 21, 17][19, 16, 7][15, 9, 4][14, 8, 1][13, 5, 12, 3][11, 6, 2, 10, 0]] PASS
26; [3,3,3,4,6,7] : [[25, 24, 23][22, 21, 19][20, 18, 15][17, 11, 4, 8][16, 6, 14, 5, 9, 3][13, 2, 10, 0, 7, 12, 1]] PASS
26; [3,3,3,4,13] : [[25, 24, 23][22, 21, 19][20, 18, 15][17, 11, 4, 8][16, 7, 3, 14, 6, 12, 2, 9, 1, 13, 0, 10, 5]] PASS
26; [3,3,3,5,5,7] : [[25, 24, 23][22, 21, 19][20, 18, 15][17, 11, 6, 16, 5][14, 7, 0, 9, 1][13, 3, 12, 8, 4, 10, 2]] PASS
26; [3,3,3,5,6,6] : [[25, 24, 23][22, 21, 19][20, 18, 15][17, 12, 6, 16, 7][14, 5, 9, 2, 13, 1][11, 3, 10, 4, 8, 0]] PASS
26; [3,3,3,12,5] : [[25, 24, 23][22, 21, 19][20, 18, 15][17, 11, 7, 3, 16, 6, 14, 4, 10, 1, 12, 5][13, 8, 0, 9, 2]] PASS
26; [3,3,3,11,6] : [[25, 24, 23][22, 21, 19][20, 18, 15][17, 12, 6, 16, 7, 14, 3, 10, 2, 8, 4][13, 5, 9, 0, 11, 1]] PASS
26; [10,3,3,3,7] : [[25, 24, 23, 22, 20, 18, 21, 17, 14, 10][16, 7, 2][15, 8, 3][12, 6, 0][19, 9, 1, 11, 4, 13, 5]] PASS
26; [8,9,3,3,3] : [[25, 24, 23, 22, 20, 18, 21, 17][19, 15, 6, 16, 5, 10, 3, 12, 4][14, 9, 2][13, 7, 1][11, 8, 0]] PASS
26; [17,3,3,3] : [[25, 24, 23, 22, 20, 18, 21, 17, 14, 10, 5, 13, 2, 11, 3, 16, 7][19, 9, 4][15, 8, 1][12, 6, 0]] PASS
26; [3,3,4,4,4,4,4] : [[25, 24, 23][22, 21, 19][20, 18, 15, 11][17, 12, 1, 7][16, 4, 14, 3][13, 6, 10, 5][9, 2, 8, 0]] PASS
26; [8,3,3,4,4,4] : [[25, 24, 23, 22, 20, 18, 21, 17][19, 16, 9][15, 7, 2][14, 6, 12, 3][13, 4, 8, 1][11, 5, 10, 0]] PASS
26; [3,3,4,4,5,7] : [[25, 24, 23][22, 21, 19][20, 18, 15, 11][17, 10, 3, 7][16, 8, 2, 13, 5][14, 4, 9, 0, 12, 6, 1]] PASS
26; [3,3,4,4,6,6] : [[25, 24, 23][22, 21, 19][20, 18, 15, 11][17, 12, 2, 7][16, 5, 13, 6, 10, 4][14, 3, 9, 0, 8, 1]] PASS
26; [12,3,3,4,4] : [[25, 24, 23, 22, 20, 18, 21, 17, 14, 19, 8, 4][15, 9, 3][12, 7, 0][16, 6, 13, 5][11, 2, 10, 1]] PASS
26; [3,3,4,5,5,6] : [[25, 24, 23][22, 21, 19][20, 18, 15, 11][17, 12, 6, 16, 5][14, 7, 3, 9, 4][13, 2, 10, 1, 8, 0]] PASS
26; [3,3,11,4,5] : [[25, 24, 23][22, 21, 19][20, 18, 15, 11, 17, 10, 6, 16, 4, 13, 7][12, 2, 9, 1][14, 5, 0, 8, 3]] PASS
26; [10,3,3,4,6] : [[25, 24, 23, 22, 20, 18, 21, 17, 14, 10][19, 12, 6][16, 8, 3][15, 5, 13, 4][11, 1, 7, 2, 9, 0]] PASS
26; [9,3,3,4,7] : [[25, 24, 23, 22, 20, 18, 21, 17, 14][19, 13, 7][11, 6, 2][12, 3, 10, 0][16, 8, 1, 9, 4, 15, 5]] PASS
26; [8,8,3,3,4] : [[25, 24, 23, 22, 20, 18, 21, 17][19, 16, 10, 5, 13, 3, 12, 6][15, 8, 4][14, 7, 2][11, 1, 9, 0]] PASS
26; [16,3,3,4] : [[25, 24, 23, 22, 20, 18, 21, 17, 14, 19, 10, 3, 15, 5, 12, 6][16, 8, 4][13, 7, 2][11, 1, 9, 0]] PASS
26; [3,3,5,5,5,5] : [[25, 24, 23][22, 21, 19][20, 18, 15, 11, 7][17, 12, 2, 9, 3][16, 8, 1, 10, 5][14, 6, 0, 13, 4]] PASS
26; [10,3,3,5,5] : [[25, 24, 23, 22, 20, 18, 21, 17, 14, 10][19, 9, 4][12, 6, 1][16, 7, 0, 13, 5][15, 8, 2, 11, 3]] PASS
26; [9,3,3,5,6] : [[25, 24, 23, 22, 20, 18, 21, 17, 14][19, 13, 7][11, 6, 1][16, 8, 4, 15, 5][12, 3, 10, 2, 9, 0]] PASS
26; [8,3,3,5,7] : [[25, 24, 23, 22, 20, 18, 21, 17][19, 16, 7][15, 9, 5][14, 6, 1, 10, 3][13, 8, 2, 12, 4, 11, 0]] PASS
26; [3,3,5,15] : [[25, 24, 23][22, 21, 19][20, 18, 15, 11, 7][17, 12, 6, 16, 9, 3, 14, 4, 13, 2, 10, 1, 8, 0, 5]] PASS
26; [8,3,3,6,6] : [[25, 24, 23, 22, 20, 18, 21, 17][19, 16, 9][15, 7, 2][14, 5, 11, 6, 13, 3][12, 1, 10, 4, 8, 0]] PASS
26; [3,3,6,7,7] : [[25, 24, 23][22, 21, 19][20, 18, 15, 11, 17, 9][16, 7, 3, 10, 5, 14, 4][13, 6, 1, 12, 2, 8, 0]] PASS
26; [3,3,14,6] : [[25, 24, 23][22, 21, 19][20, 18, 15, 11, 17, 12, 6, 16, 4, 13, 2, 10, 0, 7][14, 5, 9, 1, 8, 3]] PASS
26; [3,3,13,7] : [[25, 24, 23][22, 21, 19][20, 18, 15, 11, 17, 10, 6, 16, 4, 14, 3, 12, 7][13, 5, 0, 9, 1, 8, 2]] PASS
26; [8,3,3,12] : [[25, 24, 23, 22, 20, 18, 21, 17][19, 16, 9][15, 7, 3][14, 5, 10, 4, 13, 6, 11, 0, 8, 2, 12, 1]] PASS
26; [3,3,9,11] : [[25, 24, 23][22, 21, 19][20, 18, 15, 11, 17, 10, 6, 16, 7][14, 5, 0, 12, 4, 9, 1, 8, 2, 13, 3]] PASS
26; [10,10,3,3] : [[25, 24, 23, 22, 20, 18, 21, 17, 14, 10][19, 9, 4, 16, 7, 2, 11, 3, 13, 5][15, 8, 1][12, 6, 0]] PASS
26; [3,3,20] : [[25, 24, 23][22, 21, 19][20, 18, 15, 11, 17, 12, 6, 16, 5, 14, 4, 9, 0, 8, 1, 13, 2, 10, 3, 7]] PASS
26; [3,4,4,4,4,7] : [[25, 24, 23][22, 21, 19, 17][20, 16, 13, 10][18, 9, 3, 7][15, 5, 14, 2][12, 6, 1, 8, 0, 11, 4]] PASS
26; [3,4,4,4,5,6] : [[25, 24, 23][22, 21, 19, 17][20, 16, 13, 10][18, 9, 3, 7][11, 6, 0, 8, 1][15, 4, 12, 5, 14, 2]] PASS
26; [3,11,4,4,4] : [[25, 24, 23][22, 21, 19, 17, 20, 16, 13, 18, 8, 2, 9][15, 4, 12, 3][14, 6, 10, 5][11, 1, 7, 0]] PASS
26; [3,4,4,5,5,5] : [[25, 24, 23][22, 21, 19, 17][20, 16, 13, 10][18, 9, 4, 15, 5][14, 7, 3, 11, 2][12, 6, 0, 8, 1]] PASS
26; [10,3,4,4,5] : [[25, 24, 23, 22, 20, 18, 21, 17, 14, 10][19, 13, 6][15, 5, 12, 4][11, 1, 9, 0][16, 7, 2, 8, 3]] PASS
26; [9,3,4,4,6] : [[25, 24, 23, 22, 20, 18, 21, 17, 14][19, 15, 7][16, 6, 13, 5][12, 2, 11, 0][10, 4, 9, 3, 8, 1]] PASS
26; [8,3,4,4,7] : [[25, 24, 23, 22, 20, 18, 21, 17][19, 16, 9][15, 6, 14, 4][11, 5, 10, 2][13, 7, 3, 8, 1, 12, 0]] PASS
26; [3,4,4,15] : [[25, 24, 23][22, 21, 19, 17][20, 16, 13, 10][18, 9, 5, 15, 7, 2, 8, 1, 14, 3, 12, 4, 11, 0, 6]] PASS
26; [9,3,4,5,5] : [[25, 24, 23, 22, 20, 18, 21, 17, 14][19, 13, 7][16, 5, 15, 4][12, 8, 0, 10, 3][11, 6, 1, 9, 2]] PASS
26; [8,3,4,5,6] : [[25, 24, 23, 22, 20, 18, 21, 17][19, 16, 9][15, 6, 14, 4][13, 1, 7, 11, 0][12, 5, 10, 2, 8, 3]] PASS
26; [3,4,5,7,7] : [[25, 24, 23][22, 21, 19, 17][20, 16, 13, 18, 8][15, 7, 4, 14, 5, 9, 2][12, 6, 0, 11, 3, 10, 1]] PASS
26; [3,4,5,14] : [[25, 24, 23][22, 21, 19, 17][20, 16, 13, 18, 8][15, 7, 4, 14, 5, 12, 1, 10, 6, 0, 11, 3, 9, 2]] PASS
26; [3,4,6,6,7] : [[25, 24, 23][22, 21, 19, 17][20, 16, 13, 18, 9, 6][15, 5, 12, 0, 11, 3][14, 7, 1, 10, 2, 8, 4]] PASS
26; [3,4,13,6] : [[25, 24, 23][22, 21, 19, 17][20, 16, 13, 18, 10, 6, 15, 5, 12, 1, 11, 4, 7][14, 3, 9, 0, 8, 2]] PASS
26; [4,3,12,7] : [[25, 24, 23, 22][21, 19, 17][20, 16, 13, 18, 8, 5, 15, 4, 12, 1, 14, 7][11, 6, 0, 9, 3, 10, 2]] PASS
26; [8,3,11,4] : [[25, 24, 23, 22, 20, 18, 21, 17][19, 16, 9][15, 7, 3, 14, 4, 13, 5, 10, 1, 8, 2][12, 6, 11, 0]] PASS
26; [9,10,3,4] : [[25, 24, 23, 22, 20, 18, 21, 17, 14][19, 13, 8, 4, 11, 3, 16, 5, 15, 6][12, 7, 1][10, 2, 9, 0]] PASS
26; [3,19,4] : [[25, 24, 23][22, 21, 19, 17, 20, 16, 13, 18, 8, 4, 15, 6, 14, 2, 12, 1, 7, 0, 9][11, 5, 10, 3]] PASS
26; [8,3,5,5,5] : [[25, 24, 23, 22, 20, 18, 21, 17][19, 16, 7][15, 9, 5, 12, 4][14, 3, 13, 8, 1][11, 6, 0, 10, 2]] PASS
26; [3,5,5,6,7] : [[25, 24, 23][22, 21, 19, 17, 14][20, 16, 13, 9, 4][12, 5, 11, 0, 10, 2][18, 7, 1, 8, 3, 15, 6]] PASS
26; [3,5,5,13] : [[25, 24, 23][22, 21, 19, 17, 14][20, 16, 13, 9, 4][18, 7, 2, 11, 5, 15, 3, 10, 0, 8, 1, 12, 6]] PASS
26; [3,5,6,6,6] : [[25, 24, 23][22, 21, 19, 17, 14][20, 16, 13, 9, 18, 6][15, 5, 12, 0, 10, 4][11, 3, 8, 1, 7, 2]] PASS
26; [3,12,5,6] : [[25, 24, 23][22, 21, 19, 17, 20, 16, 13, 18, 7, 15, 5, 9][12, 6, 1, 10, 3][14, 4, 11, 0, 8, 2]] PASS
26; [3,11,5,7] : [[25, 24, 23][22, 21, 19, 17, 20, 16, 13, 9, 18, 5, 11][15, 7, 2, 14, 4][12, 6, 1, 8, 0, 10, 3]] PASS
26; [8,10,3,5] : [[25, 24, 23, 22, 20, 18, 21, 17][19, 16, 10, 5, 15, 4, 11, 2, 12, 6][14, 7, 3][13, 8, 0, 9, 1]] PASS
26; [9,9,3,5] : [[25, 24, 23, 22, 20, 18, 21, 17, 14][19, 13, 5, 16, 3, 10, 1, 11, 6][12, 8, 2][15, 7, 0, 9, 4]] PASS
26; [18,3,5] : [[25, 24, 23, 22, 20, 18, 21, 17, 14, 19, 10, 5, 16, 4, 12, 2, 13, 6][11, 7, 1][15, 8, 0, 9, 3]] PASS
26; [3,11,6,6] : [[25, 24, 23][22, 21, 19, 17, 20, 16, 13, 18, 8, 4, 9][15, 5, 12, 6, 14, 3][11, 2, 10, 1, 7, 0]] PASS
26; [10,3,6,7] : [[25, 24, 23, 22, 20, 18, 21, 17, 14, 10][19, 13, 7][11, 3, 8, 0, 9, 2][16, 6, 1, 12, 5, 15, 4]] PASS
26; [8,9,3,6] : [[25, 24, 23, 22, 20, 18, 21, 17][19, 16, 10, 6, 15, 5, 13, 3, 8][14, 7, 1][12, 4, 9, 2, 11, 0]] PASS
26; [17,3,6] : [[25, 24, 23, 22, 20, 18, 21, 17, 14, 19, 11, 6, 16, 5, 15, 4, 8][13, 7, 1][12, 3, 10, 2, 9, 0]] PASS
26; [9,3,7,7] : [[25, 24, 23, 22, 20, 18, 21, 17, 14][19, 13, 7][16, 8, 4, 11, 0, 10, 5][15, 6, 1, 9, 2, 12, 3]] PASS
26; [8,8,3,7] : [[25, 24, 23, 22, 20, 18, 21, 17][19, 16, 10, 5, 15, 4, 14, 6][12, 8, 3][13, 7, 0, 11, 2, 9, 1]] PASS
26; [16,3,7] : [[25, 24, 23, 22, 20, 18, 21, 17, 14, 19, 10, 5, 16, 4, 13, 6][12, 8, 2][15, 7, 0, 11, 1, 9, 3]] PASS
26; [8,3,15] : [[25, 24, 23, 22, 20, 18, 21, 17][19, 16, 9][15, 7, 3, 14, 6, 11, 5, 10, 1, 8, 2, 12, 0, 13, 4]] PASS
26; [9,3,14] : [[25, 24, 23, 22, 20, 18, 21, 17, 14][19, 15, 7][16, 6, 13, 5, 12, 1, 10, 0, 11, 2, 8, 3, 9, 4]] PASS
26; [10,3,13] : [[25, 24, 23, 22, 20, 18, 21, 17, 14, 10][19, 13, 7][16, 6, 1, 12, 4, 11, 2, 9, 0, 8, 3, 15, 5]] PASS
26; [3,11,12] : [[25, 24, 23][22, 21, 19, 17, 20, 16, 13, 18, 8, 4, 9][15, 6, 14, 5, 11, 0, 7, 1, 12, 2, 10, 3]] PASS
26; [4,4,4,4,4,6] : [[25, 24, 23, 22][21, 19, 17, 14][20, 16, 13, 8][18, 9, 0, 6][10, 3, 7, 2][15, 5, 11, 1, 12, 4]] PASS
26; [4,4,4,4,5,5] : [[25, 24, 23, 22][21, 19, 17, 14][20, 16, 13, 8][18, 5, 15, 4][12, 7, 1, 11, 3][10, 6, 0, 9, 2]] PASS
26; [10,4,4,4,4] : [[25, 24, 23, 22, 20, 18, 21, 17, 14, 10][19, 12, 0, 8][16, 7, 1, 6][15, 5, 11, 3][13, 4, 9, 2]] PASS
26; [9,4,4,4,5] : [[25, 24, 23, 22, 20, 18, 21, 17, 14][19, 13, 5, 9][15, 4, 10, 3][12, 1, 8, 0][16, 7, 2, 11, 6]] PASS
26; [8,4,4,4,6] : [[25, 24, 23, 22, 20, 18, 21, 17][19, 16, 11, 7][15, 6, 14, 5][10, 4, 9, 3][13, 2, 12, 1, 8, 0]] PASS
26; [4,4,4,7,7] : [[25, 24, 23, 22][21, 19, 17, 14][20, 16, 13, 8][18, 7, 15, 4, 12, 2, 6][11, 5, 0, 9, 3, 10, 1]] PASS
26; [4,4,4,14] : [[25, 24, 23, 22][21, 19, 17, 14][20, 16, 13, 9][18, 7, 2, 11, 5, 15, 3, 12, 4, 10, 0, 8, 1, 6]] PASS
26; [8,4,4,5,5] : [[25, 24, 23, 22, 20, 18, 21, 17][19, 16, 10, 6][15, 5, 14, 4][13, 8, 2, 9, 1][12, 7, 0, 11, 3]] PASS
26; [4,4,5,6,7] : [[25, 24, 23, 22][21, 19, 17, 14][20, 16, 13, 8, 4][11, 3, 9, 1, 10, 0][18, 7, 2, 15, 5, 12, 6]] PASS
26; [4,4,5,13] : [[25, 24, 23, 22][21, 19, 17, 14][20, 16, 13, 8, 4][18, 7, 2, 15, 5, 11, 3, 10, 0, 9, 1, 12, 6]] PASS
26; [4,4,6,6,6] : [[25, 24, 23, 22][21, 19, 17, 14][20, 16, 13, 9, 3, 8][18, 7, 0, 5, 15, 6][12, 4, 10, 2, 11, 1]] PASS
26; [4,4,12,6] : [[25, 24, 23, 22][21, 19, 17, 14][20, 16, 13, 9, 4, 18, 6, 0, 11, 5, 15, 7][12, 3, 8, 1, 10, 2]] PASS
26; [11,4,4,7] : [[25, 24, 23, 22, 20, 18, 21, 17, 14, 19, 10][16, 6, 15, 5][13, 2, 8, 1][12, 4, 9, 3, 11, 7, 0]] PASS
26; [8,10,4,4] : [[25, 24, 23, 22, 20, 18, 21, 17][19, 16, 11, 7, 15, 5, 12, 3, 14, 6][13, 2, 8, 1][10, 4, 9, 0]] PASS
26; [9,9,4,4] : [[25, 24, 23, 22, 20, 18, 21, 17, 14][19, 15, 6, 13, 5, 16, 4, 12, 7][11, 1, 10, 0][9, 3, 8, 2]] PASS
26; [18,4,4] : [[25, 24, 23, 22, 20, 18, 21, 17, 14, 19, 11, 7, 16, 5, 10, 0, 12, 6][15, 4, 13, 3][9, 2, 8, 1]] PASS
26; [4,5,5,5,7] : [[25, 24, 23, 22][21, 19, 17, 20, 16][18, 12, 5, 15, 6][14, 8, 4, 11, 3][13, 2, 7, 10, 0, 9, 1]] PASS
26; [4,5,5,6,6] : [[25, 24, 23, 22][21, 19, 17, 20, 16][18, 13, 7, 15, 6][14, 5, 8, 4, 10, 3][12, 2, 9, 1, 11, 0]] PASS
26; [4,12,5,5] : [[25, 24, 23, 22][21, 19, 17, 20, 16, 13, 9, 18, 7, 15, 2, 8][14, 5, 0, 10, 3][12, 6, 1, 11, 4]] PASS
26; [11,4,5,6] : [[25, 24, 23, 22, 20, 18, 21, 17, 14, 19, 10][16, 6, 15, 5][12, 4, 11, 7, 0][13, 2, 8, 3, 9, 1]] PASS
26; [10,4,5,7] : [[25, 24, 23, 22, 20, 18, 21, 17, 14, 10][19, 12, 3, 8][15, 7, 1, 13, 5][16, 6, 0, 11, 2, 9, 4]] PASS
26; [8,9,4,5] : [[25, 24, 23, 22, 20, 18, 21, 17][19, 16, 10, 6, 15, 5, 12, 2, 7][14, 3, 9, 1][13, 8, 0, 11, 4]] PASS
26; [17,4,5] : [[25, 24, 23, 22, 20, 18, 21, 17, 14, 19, 11, 6, 16, 5, 9, 2, 8][15, 4, 12, 3][13, 7, 0, 10, 1]] PASS
26; [10,4,6,6] : [[25, 24, 23, 22, 20, 18, 21, 17, 14, 10][19, 13, 1, 8][16, 6, 15, 3, 11, 5][12, 4, 9, 0, 7, 2]] PASS
26; [9,4,6,7] : [[25, 24, 23, 22, 20, 18, 21, 17, 14][19, 13, 5, 9][16, 6, 15, 3, 10, 4][12, 7, 2, 11, 0, 8, 1]] PASS
26; [8,8,4,6] : [[25, 24, 23, 22, 20, 18, 21, 17][19, 16, 11, 7, 15, 5, 13, 6][10, 4, 9, 0][14, 3, 12, 1, 8, 2]] PASS
26; [16,4,6] : [[25, 24, 23, 22, 20, 18, 21, 17, 14, 19, 11, 7, 16, 5, 15, 6][13, 2, 8, 1][12, 4, 9, 3, 10, 0]] PASS
26; [8,4,7,7] : [[25, 24, 23, 22, 20, 18, 21, 17][19, 16, 10, 6][15, 8, 3, 14, 4, 13, 5][12, 7, 1, 9, 2, 11, 0]] PASS
26; [15,4,7] : [[25, 24, 23, 22, 20, 18, 21, 17, 14, 19, 11, 6, 13, 2, 8][15, 5, 9, 3][16, 7, 0, 10, 1, 12, 4]] PASS
26; [8,4,14] : [[25, 24, 23, 22, 20, 18, 21, 17][19, 16, 11, 7][15, 6, 14, 5, 12, 1, 9, 2, 8, 3, 13, 0, 10, 4]] PASS
26; [9,4,13] : [[25, 24, 23, 22, 20, 18, 21, 17, 14][19, 13, 5, 9][16, 7, 2, 12, 6, 11, 0, 8, 1, 10, 3, 15, 4]] PASS
26; [4,10,12] : [[25, 24, 23, 22][21, 19, 17, 20, 16, 13, 18, 8, 4, 9][15, 6, 14, 5, 11, 0, 7, 1, 12, 2, 10, 3]] PASS
26; [11,11,4] : [[25, 24, 23, 22, 20, 18, 21, 17, 14, 19, 10][16, 7, 3, 15, 5, 11, 0, 8, 1, 9, 4][13, 6, 12, 2]] PASS
26; [5,5,5,5,6] : [[25, 24, 23, 22, 20][21, 19, 16, 13, 17][18, 8, 3, 15, 6][14, 7, 2, 10, 4][12, 5, 11, 0, 9, 1]] PASS
26; [11,5,5,5] : [[25, 24, 23, 22, 20, 18, 21, 17, 14, 19, 8][16, 9, 3, 15, 5][13, 7, 0, 12, 4][11, 6, 2, 10, 1]] PASS
26; [10,5,5,6] : [[25, 24, 23, 22, 20, 18, 21, 17, 14, 10][19, 13, 5, 16, 7][15, 6, 1, 11, 4][12, 2, 9, 3, 8, 0]] PASS
26; [9,5,5,7] : [[25, 24, 23, 22, 20, 18, 21, 17, 14][19, 13, 5, 16, 7][15, 8, 3, 10, 4][12, 2, 6, 11, 1, 9, 0]] PASS
26; [8,8,5,5] : [[25, 24, 23, 22, 20, 18, 21, 17][19, 16, 10, 5, 15, 4, 13, 6][14, 8, 0, 12, 3][11, 7, 2, 9, 1]] PASS
26; [16,5,5] : [[25, 24, 23, 22, 20, 18, 21, 17, 14, 19, 10, 5, 16, 4, 12, 6][15, 8, 2, 13, 3][11, 7, 0, 9, 1]] PASS
26; [9,5,6,6] : [[25, 24, 23, 22, 20, 18, 21, 17, 14][19, 15, 6, 16, 7][13, 5, 11, 0, 12, 2][10, 4, 9, 1, 8, 3]] PASS
26; [8,5,6,7] : [[25, 24, 23, 22, 20, 18, 21, 17][19, 16, 10, 4, 8][15, 6, 11, 3, 14, 5][13, 1, 9, 2, 12, 7, 0]] PASS
26; [5,6,15] : [[25, 24, 23, 22, 20][21, 19, 16, 13, 18, 12][17, 8, 4, 15, 3, 14, 6, 11, 1, 7, 0, 10, 2, 9, 5]] PASS
26; [5,7,7,7] : [[25, 24, 23, 22, 20][21, 19, 16, 13, 18, 14, 8][17, 7, 0, 11, 3, 9, 4][15, 6, 2, 10, 1, 12, 5]] PASS
26; [5,14,7] : [[25, 24, 23, 22, 20][21, 19, 16, 13, 18, 14, 8, 4, 15, 7, 2, 11, 1, 9][17, 6, 0, 10, 3, 12, 5]] PASS
26; [8,13,5] : [[25, 24, 23, 22, 20, 18, 21, 17][19, 16, 10, 6, 15, 5, 14, 4, 11, 3, 9, 1, 8][13, 2, 7, 12, 0]] PASS
26; [9,12,5] : [[25, 24, 23, 22, 20, 18, 21, 17, 14][19, 13, 8, 4, 15, 5, 11, 2, 10, 3, 16, 6][12, 7, 0, 9, 1]] PASS
26; [10,11,5] : [[25, 24, 23, 22, 20, 18, 21, 17, 14, 10][19, 13, 5, 16, 3, 12, 2, 8, 1, 11, 6][15, 7, 0, 9, 4]] PASS
26; [8,6,6,6] : [[25, 24, 23, 22, 20, 18, 21, 17][19, 16, 11, 7, 15, 6][14, 5, 12, 1, 13, 3][10, 4, 9, 2, 8, 0]] PASS
26; [6,6,7,7] : [[25, 24, 23, 22, 20, 18][21, 17, 14, 19, 13, 8][16, 7, 4, 15, 5, 12, 3][11, 1, 9, 2, 10, 6, 0]] PASS
26; [14,6,6] : [[25, 24, 23, 22, 20, 18, 21, 17, 14, 19, 11, 7, 16, 6][15, 4, 10, 5, 13, 3][12, 1, 8, 2, 9, 0]] PASS
26; [13,6,7] : [[25, 24, 23, 22, 20, 18, 21, 17, 14, 19, 11, 4, 8][16, 6, 15, 3, 10, 5][13, 7, 1, 9, 0, 12, 2]] PASS
26; [8,12,6] : [[25, 24, 23, 22, 20, 18, 21, 17][19, 16, 11, 7, 15, 5, 14, 4, 10, 2, 13, 6][12, 1, 8, 3, 9, 0]] PASS
26; [9,11,6] : [[25, 24, 23, 22, 20, 18, 21, 17, 14][19, 15, 6, 16, 5, 13, 3, 11, 0, 12, 7][10, 4, 9, 2, 8, 1]] PASS
26; [10,10,6] : [[25, 24, 23, 22, 20, 18, 21, 17, 14, 10][19, 13, 7, 2, 12, 3, 16, 5, 15, 6][11, 4, 9, 1, 8, 0]] PASS
26; [12,7,7] : [[25, 24, 23, 22, 20, 18, 21, 17, 14, 19, 10, 6][16, 8, 3, 15, 5, 12, 4][13, 7, 1, 11, 0, 9, 2]] PASS
26; [8,11,7] : [[25, 24, 23, 22, 20, 18, 21, 17][19, 16, 10, 6, 15, 5, 14, 4, 11, 3, 8][13, 7, 2, 9, 1, 12, 0]] PASS
26; [9,10,7] : [[25, 24, 23, 22, 20, 18, 21, 17, 14][19, 13, 8, 4, 15, 5, 11, 3, 16, 6][12, 7, 0, 9, 2, 10, 1]] PASS
26; [8,8,10] : [[25, 24, 23, 22, 20, 18, 21, 17][19, 16, 11, 7, 15, 5, 14, 6][13, 4, 10, 0, 12, 1, 8, 3, 9, 2]] PASS
26; [8,9,9] : [[25, 24, 23, 22, 20, 18, 21, 17][19, 16, 10, 6, 15, 5, 14, 3, 8][13, 7, 2, 9, 1, 11, 4, 12, 0]] PASS