28; [3,3,3,3,3,3,3,3,4] : [[27, 26, 25][24, 23, 21][22, 20, 17][19, 13, 6][18, 10, 5][16, 8, 4][15, 9, 0][14, 7, 3][12, 2, 11, 1]] PASS
28; [3,3,3,3,3,3,3,7] : [[27, 26, 25][24, 23, 21][22, 20, 17][19, 14, 5][18, 10, 6][16, 9, 3][12, 8, 2][15, 7, 0, 11, 1, 13, 4]] PASS
28; [3,3,3,3,3,3,4,6] : [[27, 26, 25][24, 23, 21][22, 20, 17][19, 15, 9][16, 8, 4][14, 7, 0][18, 6, 11, 5][13, 3, 12, 1, 10, 2]] PASS
28; [3,3,3,3,3,3,5,5] : [[27, 26, 25][24, 23, 21][22, 20, 17][19, 14, 6][18, 8, 4][13, 9, 2][16, 10, 1, 11, 5][15, 7, 0, 12, 3]] PASS
28; [3,3,3,3,3,4,4,5] : [[27, 26, 25][24, 23, 21][22, 20, 17][19, 15, 9][18, 8, 4][14, 5, 10, 2][13, 6, 12, 1][16, 7, 0, 11, 3]] PASS
28; [9,3,3,3,3,3,4] : [[27, 26, 25, 24, 22, 20, 23, 19, 16][21, 13, 7][18, 9, 5][17, 10, 1][15, 8, 3][11, 6, 0][14, 4, 12, 2]] PASS
28; [8,3,3,3,3,3,5] : [[27, 26, 25, 24, 22, 20, 23, 19][21, 17, 7][18, 11, 4][15, 6, 0][13, 8, 3][12, 9, 1][16, 10, 2, 14, 5]] PASS
28; [3,3,3,3,3,6,7] : [[27, 26, 25][24, 23, 21][22, 20, 17][19, 15, 9][18, 8, 4][16, 5, 13, 1, 10, 3][14, 7, 2, 11, 0, 12, 6]] PASS
28; [3,3,3,3,3,13] : [[27, 26, 25][24, 23, 21][22, 20, 17][19, 15, 9][18, 8, 4][16, 7, 2, 14, 6, 13, 5, 11, 0, 12, 1, 10, 3]] PASS
28; [3,3,3,3,4,4,4,4] : [[27, 26, 25][24, 23, 21][22, 20, 17][19, 15, 9][18, 8, 1, 7][16, 5, 14, 2][13, 4, 12, 0][11, 6, 10, 3]] PASS
28; [8,3,3,3,3,4,4] : [[27, 26, 25, 24, 22, 20, 23, 19][21, 18, 11][17, 9, 5][15, 6, 1][13, 8, 2][16, 7, 14, 3][12, 4, 10, 0]] PASS
28; [3,3,3,3,4,5,7] : [[27, 26, 25][24, 23, 21][22, 20, 17][19, 15, 9][18, 6, 16, 5][14, 2, 13, 8, 0][12, 4, 11, 7, 1, 10, 3]] PASS
28; [3,3,3,3,4,6,6] : [[27, 26, 25][24, 23, 21][22, 20, 17][19, 15, 9][18, 8, 2, 7][16, 5, 12, 3, 11, 4][14, 6, 10, 1, 13, 0]] PASS
28; [12,3,3,3,3,4] : [[27, 26, 25, 24, 22, 20, 23, 19, 16, 12, 21, 9][18, 10, 4][17, 7, 2][15, 8, 1][11, 6, 0][14, 5, 13, 3]] PASS
28; [3,3,3,3,5,5,6] : [[27, 26, 25][24, 23, 21][22, 20, 17][19, 15, 9][18, 8, 4, 16, 5][14, 6, 12, 7, 0][13, 2, 11, 3, 10, 1]] PASS
28; [3,3,3,3,11,5] : [[27, 26, 25][24, 23, 21][22, 20, 17][19, 15, 9][18, 8, 4, 13, 5, 16, 3, 10, 2, 11, 6][14, 7, 1, 12, 0]] PASS
28; [10,3,3,3,3,6] : [[27, 26, 25, 24, 22, 20, 23, 19, 16, 12][21, 11, 6][18, 10, 5][17, 8, 0][14, 7, 1][15, 4, 13, 2, 9, 3]] PASS
28; [9,3,3,3,3,7] : [[27, 26, 25, 24, 22, 20, 23, 19, 16][21, 15, 7][18, 9, 4][13, 8, 1][12, 6, 2][17, 10, 0, 11, 3, 14, 5]] PASS
28; [8,8,3,3,3,3] : [[27, 26, 25, 24, 22, 20, 23, 19][21, 18, 11, 4, 14, 5, 16, 6][17, 9, 3][15, 10, 1][13, 7, 2][12, 8, 0]] PASS
28; [3,3,3,4,4,4,7] : [[27, 26, 25][24, 23, 21][22, 20, 17][19, 15, 11, 6][16, 7, 13, 5][14, 3, 9, 2][18, 8, 1, 10, 0, 12, 4]] PASS
28; [3,3,3,4,4,5,6] : [[27, 26, 25][24, 23, 21][22, 20, 17][19, 15, 11, 6][14, 4, 10, 3][18, 8, 2, 16, 7][13, 5, 12, 0, 9, 1]] PASS
28; [3,3,3,11,4,4] : [[27, 26, 25][24, 23, 21][22, 20, 17][19, 15, 11, 6, 18, 8, 2, 10, 3, 16, 5][14, 7, 13, 4][12, 1, 9, 0]] PASS
28; [3,3,3,4,5,5,5] : [[27, 26, 25][24, 23, 21][22, 20, 17][19, 14, 10, 6][18, 9, 0, 11, 4][16, 8, 2, 12, 5][15, 7, 1, 13, 3]] PASS
28; [10,3,3,3,4,5] : [[27, 26, 25, 24, 22, 20, 23, 19, 16, 12][21, 15, 6][18, 9, 4][14, 8, 1][11, 3, 10, 0][17, 7, 2, 13, 5]] PASS
28; [9,3,3,3,4,6] : [[27, 26, 25, 24, 22, 20, 23, 19, 16][21, 17, 9][15, 8, 2][11, 6, 0][13, 3, 10, 1][18, 7, 12, 4, 14, 5]] PASS
28; [8,3,3,3,4,7] : [[27, 26, 25, 24, 22, 20, 23, 19][21, 18, 11][17, 10, 6][16, 8, 3][12, 4, 9, 0][15, 5, 14, 2, 13, 7, 1]] PASS
28; [3,3,3,4,15] : [[27, 26, 25][24, 23, 21][22, 20, 17][19, 15, 11, 6][18, 8, 2, 16, 5, 13, 1, 10, 3, 9, 0, 12, 4, 14, 7]] PASS
28; [9,3,3,3,5,5] : [[27, 26, 25, 24, 22, 20, 23, 19, 16][21, 15, 7][18, 9, 4][14, 6, 2][17, 10, 0, 11, 5][13, 8, 1, 12, 3]] PASS
28; [8,3,3,3,5,6] : [[27, 26, 25, 24, 22, 20, 23, 19][21, 18, 11][17, 10, 6][16, 7, 2][14, 8, 0, 12, 1][15, 5, 13, 4, 9, 3]] PASS
28; [3,3,3,5,7,7] : [[27, 26, 25][24, 23, 21][22, 20, 17][19, 15, 9, 18, 6][16, 8, 4, 14, 3, 11, 2][13, 7, 0, 10, 5, 12, 1]] PASS
28; [3,3,3,5,14] : [[27, 26, 25][24, 23, 21][22, 20, 17][19, 15, 11, 3, 8][18, 7, 16, 6, 12, 5, 14, 2, 9, 1, 13, 0, 10, 4]] PASS
28; [3,3,3,6,6,7] : [[27, 26, 25][24, 23, 21][22, 20, 17][19, 15, 11, 6, 18, 7][16, 5, 12, 4, 13, 3][14, 8, 2, 9, 1, 10, 0]] PASS
28; [3,3,3,13,6] : [[27, 26, 25][24, 23, 21][22, 20, 17][19, 15, 11, 6, 18, 8, 2, 16, 5, 12, 4, 13, 7][14, 3, 10, 0, 9, 1]] PASS
28; [3,3,3,12,7] : [[27, 26, 25][24, 23, 21][22, 20, 17][19, 15, 11, 6, 18, 7, 16, 4, 13, 2, 12, 5][14, 8, 0, 10, 3, 9, 1]] PASS
28; [8,3,3,3,11] : [[27, 26, 25, 24, 22, 20, 23, 19][21, 18, 11][17, 10, 6][16, 8, 3][15, 4, 9, 0, 12, 2, 14, 5, 13, 7, 1]] PASS
28; [9,10,3,3,3] : [[27, 26, 25, 24, 22, 20, 23, 19, 16][21, 17, 6, 14, 4, 13, 2, 11, 1, 8][18, 10, 5][15, 9, 3][12, 7, 0]] PASS
28; [19,3,3,3] : [[27, 26, 25, 24, 22, 20, 23, 19, 16, 21, 14, 6, 17, 4, 12, 2, 11, 0, 10][18, 9, 5][15, 8, 3][13, 7, 1]] PASS
28; [3,3,4,4,4,4,6] : [[27, 26, 25][24, 23, 21][22, 20, 17, 13][19, 15, 9, 4][18, 7, 14, 5][16, 6, 11, 3][12, 1, 8, 2, 10, 0]] PASS
28; [3,3,4,4,4,5,5] : [[27, 26, 25][24, 23, 21][22, 20, 17, 13][19, 15, 4, 9][18, 6, 11, 5][16, 8, 0, 12, 2][14, 7, 1, 10, 3]] PASS
28; [10,3,3,4,4,4] : [[27, 26, 25, 24, 22, 20, 23, 19, 16, 21][18, 10, 6][15, 8, 3][17, 7, 13, 4][14, 5, 11, 0][12, 2, 9, 1]] PASS
28; [9,3,3,4,4,5] : [[27, 26, 25, 24, 22, 20, 23, 19, 16][21, 17, 9][15, 8, 2][13, 4, 12, 3][11, 5, 10, 0][18, 7, 14, 1, 6]] PASS
28; [8,3,3,4,4,6] : [[27, 26, 25, 24, 22, 20, 23, 19][21, 18, 12][17, 9, 5][16, 6, 11, 4][15, 7, 13, 2][14, 3, 8, 1, 10, 0]] PASS
28; [3,3,4,4,7,7] : [[27, 26, 25][24, 23, 21][22, 20, 17, 13][19, 15, 4, 9][18, 8, 2, 10, 3, 11, 6][16, 7, 1, 14, 0, 12, 5]] PASS
28; [3,3,4,4,14] : [[27, 26, 25][24, 23, 21][22, 20, 17, 13][19, 15, 10, 5][18, 7, 16, 4, 14, 1, 8, 0, 11, 3, 9, 2, 12, 6]] PASS
28; [8,3,3,4,5,5] : [[27, 26, 25, 24, 22, 20, 23, 19][21, 18, 11][17, 10, 6][16, 4, 15, 2][14, 8, 3, 13, 5][12, 7, 1, 9, 0]] PASS
28; [3,3,4,5,6,7] : [[27, 26, 25][24, 23, 21][22, 20, 17, 13][19, 15, 9, 3, 8][18, 6, 16, 4, 12, 5][14, 7, 2, 10, 1, 11, 0]] PASS
28; [3,3,4,5,13] : [[27, 26, 25][24, 23, 21][22, 20, 17, 13][19, 15, 9, 3, 8][18, 7, 2, 10, 1, 11, 4, 16, 6, 14, 0, 12, 5]] PASS
28; [3,3,4,6,6,6] : [[27, 26, 25][24, 23, 21][22, 20, 17, 13][19, 15, 10, 5, 18, 7][16, 6, 14, 0, 11, 4][12, 3, 9, 1, 8, 2]] PASS
28; [4,3,3,12,6] : [[27, 26, 25, 24][23, 21, 19][22, 18, 15][20, 14, 9, 6, 17, 5, 16, 3, 11, 2, 12, 7][13, 4, 10, 0, 8, 1]] PASS
28; [3,3,11,4,7] : [[27, 26, 25][24, 23, 21][22, 20, 17, 13, 19, 15, 9, 4, 12, 3, 8][18, 6, 16, 5][14, 7, 0, 11, 1, 10, 2]] PASS
28; [8,10,3,3,4] : [[27, 26, 25, 24, 22, 20, 23, 19][21, 18, 14, 8, 17, 5, 15, 4, 12, 7][16, 9, 3][13, 6, 1][11, 2, 10, 0]] PASS
28; [9,9,3,3,4] : [[27, 26, 25, 24, 22, 20, 23, 19, 16][21, 17, 10, 4, 14, 3, 11, 2, 9][13, 8, 0][12, 7, 1][18, 6, 15, 5]] PASS
28; [18,3,3,4] : [[27, 26, 25, 24, 22, 20, 23, 19, 16, 21, 15, 7, 18, 5, 11, 3, 13, 6][17, 8, 4][14, 9, 2][12, 1, 10, 0]] PASS
28; [3,3,5,5,5,7] : [[27, 26, 25][24, 23, 21][22, 20, 17, 13, 9][19, 14, 8, 2, 11][18, 7, 0, 12, 4][16, 6, 1, 10, 3, 15, 5]] PASS
28; [3,3,5,5,6,6] : [[27, 26, 25][24, 23, 21][22, 20, 17, 13, 9][19, 14, 8, 18, 7][16, 3, 10, 2, 11, 1][15, 6, 0, 5, 12, 4]] PASS
28; [3,3,12,5,5] : [[27, 26, 25][24, 23, 21][22, 20, 17, 13, 19, 15, 6, 18, 4, 14, 2, 9][16, 8, 3, 11, 5][12, 7, 0, 10, 1]] PASS
28; [3,3,11,5,6] : [[27, 26, 25][24, 23, 21][22, 20, 17, 13, 19, 15, 9, 2, 11, 3, 8][12, 7, 0, 10, 1][18, 6, 14, 4, 16, 5]] PASS
28; [10,3,3,5,7] : [[27, 26, 25, 24, 22, 20, 23, 19, 16, 12][21, 15, 7][13, 8, 2][18, 6, 1, 11, 4][17, 9, 0, 10, 3, 14, 5]] PASS
28; [8,9,3,3,5] : [[27, 26, 25, 24, 22, 20, 23, 19][21, 18, 13, 6, 17, 5, 15, 1, 10][16, 9, 3][11, 7, 2][14, 8, 0, 12, 4]] PASS
28; [17,3,3,5] : [[27, 26, 25, 24, 22, 20, 23, 19, 16, 21, 14, 6, 17, 4, 12, 0, 10][18, 9, 5][15, 8, 3][13, 7, 1, 11, 2]] PASS
28; [10,3,3,6,6] : [[27, 26, 25, 24, 22, 20, 23, 19, 16, 21][18, 10, 6][17, 8, 3][15, 7, 13, 1, 14, 4][12, 5, 11, 0, 9, 2]] PASS
28; [9,3,3,6,7] : [[27, 26, 25, 24, 22, 20, 23, 19, 16][21, 17, 9][15, 8, 3][14, 6, 12, 5, 10, 0][18, 7, 1, 11, 2, 13, 4]] PASS
28; [8,8,3,3,6] : [[27, 26, 25, 24, 22, 20, 23, 19][21, 18, 14, 8, 17, 5, 15, 7][16, 9, 4][12, 6, 1][13, 3, 10, 2, 11, 0]] PASS
28; [16,3,3,6] : [[27, 26, 25, 24, 22, 20, 23, 19, 16, 21, 15, 7, 18, 5, 17, 6][14, 8, 1][13, 9, 4][12, 2, 11, 3, 10, 0]] PASS
28; [8,3,3,7,7] : [[27, 26, 25, 24, 22, 20, 23, 19][21, 18, 11][17, 10, 6][16, 8, 3, 15, 5, 14, 2][13, 7, 1, 12, 4, 9, 0]] PASS
28; [3,3,15,7] : [[27, 26, 25][24, 23, 21][22, 20, 17, 13, 19, 15, 9, 4, 16, 6, 14, 2, 11, 3, 8][18, 7, 0, 10, 1, 12, 5]] PASS
28; [8,3,3,14] : [[27, 26, 25, 24, 22, 20, 23, 19][21, 18, 12][17, 9, 5][16, 7, 15, 4, 14, 1, 13, 6, 11, 0, 10, 3, 8, 2]] PASS
28; [9,3,3,13] : [[27, 26, 25, 24, 22, 20, 23, 19, 16][21, 17, 9][15, 8, 3][18, 7, 14, 4, 13, 0, 6, 12, 1, 11, 2, 10, 5]] PASS
28; [10,3,3,12] : [[27, 26, 25, 24, 22, 20, 23, 19, 16, 21][18, 10, 6][17, 8, 3][15, 7, 13, 2, 9, 0, 12, 5, 11, 1, 14, 4]] PASS
28; [3,3,11,11] : [[27, 26, 25][24, 23, 21][22, 20, 17, 13, 19, 15, 9, 4, 16, 3, 8][18, 7, 0, 11, 1, 10, 2, 12, 5, 14, 6]] PASS
28; [3,3,22] : [[27, 26, 25][24, 23, 21][22, 20, 17, 13, 19, 15, 9, 4, 16, 7, 2, 12, 5, 18, 6, 14, 3, 11, 0, 10, 1, 8]] PASS
28; [3,4,4,4,4,4,5] : [[27, 26, 25][24, 23, 21, 19][22, 18, 15, 12][20, 13, 4, 8][17, 6, 11, 5][14, 3, 9, 1][16, 7, 0, 10, 2]] PASS
28; [9,3,4,4,4,4] : [[27, 26, 25, 24, 22, 20, 23, 19, 16][21, 17, 10][18, 7, 13, 6][15, 5, 11, 2][14, 4, 9, 1][12, 3, 8, 0]] PASS
28; [8,3,4,4,4,5] : [[27, 26, 25, 24, 22, 20, 23, 19][21, 18, 12][17, 8, 16, 6][15, 5, 10, 3][14, 2, 13, 0][11, 7, 1, 9, 4]] PASS
28; [3,4,4,4,6,7] : [[27, 26, 25][24, 23, 21, 19][22, 18, 15, 12][20, 13, 4, 8][17, 6, 11, 5, 16, 3][14, 7, 1, 9, 0, 10, 2]] PASS
28; [3,4,4,4,13] : [[27, 26, 25][24, 23, 21, 19][22, 18, 15, 12][20, 13, 4, 8][17, 7, 1, 14, 6, 11, 0, 9, 3, 10, 2, 16, 5]] PASS
28; [3,4,4,5,5,7] : [[27, 26, 25][24, 23, 21, 19][22, 18, 15, 12][20, 13, 5, 17, 6][16, 8, 4, 9, 3][14, 7, 1, 10, 0, 11, 2]] PASS
28; [3,4,4,5,6,6] : [[27, 26, 25][24, 23, 21, 19][22, 18, 15, 12][20, 14, 7, 17, 6][16, 5, 11, 3, 8, 4][13, 1, 10, 2, 9, 0]] PASS
28; [4,4,3,12,5] : [[27, 26, 25, 24][23, 21, 19, 16][22, 18, 15][20, 9, 5, 17, 6, 14, 4, 10, 2, 11, 1, 7][13, 8, 3, 12, 0]] PASS
28; [3,11,4,4,6] : [[27, 26, 25][24, 23, 21, 19, 22, 18, 15, 20, 13, 6, 10][17, 7, 16, 5][12, 4, 9, 3][14, 2, 8, 0, 11, 1]] PASS
28; [10,3,4,4,7] : [[27, 26, 25, 24, 22, 20, 23, 19, 16, 21][18, 10, 6][17, 7, 14, 5][12, 4, 9, 3][15, 8, 2, 13, 0, 11, 1]] PASS
28; [8,9,3,4,4] : [[27, 26, 25, 24, 22, 20, 23, 19][21, 18, 14, 9, 17, 6, 12, 0, 8][16, 7, 2][15, 5, 11, 4][13, 3, 10, 1]] PASS
28; [17,3,4,4] : [[27, 26, 25, 24, 22, 20, 23, 19, 16, 21, 15, 9, 5, 17, 7, 18, 6][13, 8, 0][14, 3, 10, 1][12, 4, 11, 2]] PASS
28; [3,4,5,5,5,6] : [[27, 26, 25][24, 23, 21, 19][22, 18, 15, 20, 11][17, 8, 5, 13, 6][14, 7, 3, 9, 1][16, 4, 10, 0, 12, 2]] PASS
28; [3,11,4,5,5] : [[27, 26, 25][24, 23, 21, 19, 22, 18, 15, 20, 12, 5, 9][16, 4, 13, 3][17, 7, 0, 11, 6][14, 8, 2, 10, 1]] PASS
28; [10,3,4,5,6] : [[27, 26, 25, 24, 22, 20, 23, 19, 16, 21][18, 10, 6][17, 7, 14, 5][15, 8, 2, 12, 1][13, 4, 9, 3, 11, 0]] PASS
28; [9,3,4,5,7] : [[27, 26, 25, 24, 22, 20, 23, 19, 16][21, 17, 9][18, 7, 15, 5][14, 8, 3, 12, 2][13, 6, 1, 10, 4, 11, 0]] PASS
28; [8,8,3,4,5] : [[27, 26, 25, 24, 22, 20, 23, 19][21, 18, 14, 8, 17, 5, 16, 7][13, 6, 1][11, 3, 10, 0][15, 9, 4, 12, 2]] PASS
28; [16,3,4,5] : [[27, 26, 25, 24, 22, 20, 23, 19, 16, 21, 15, 7, 18, 5, 17, 6][14, 9, 2][13, 4, 10, 0][12, 8, 1, 11, 3]] PASS
28; [9,3,4,6,6] : [[27, 26, 25, 24, 22, 20, 23, 19, 16][21, 17, 10][18, 7, 15, 6][14, 5, 11, 4, 9, 1][13, 3, 8, 2, 12, 0]] PASS
28; [8,3,4,6,7] : [[27, 26, 25, 24, 22, 20, 23, 19][21, 18, 12][17, 8, 16, 6][15, 3, 11, 0, 13, 1][14, 7, 2, 9, 5, 10, 4]] PASS
28; [3,4,6,15] : [[27, 26, 25][24, 23, 21, 19][22, 18, 15, 20, 14, 8][17, 7, 4, 16, 6, 13, 0, 11, 3, 12, 1, 10, 2, 9, 5]] PASS
28; [3,4,7,7,7] : [[27, 26, 25][24, 23, 21, 19][22, 18, 15, 20, 13, 6, 9][17, 8, 4, 14, 3, 11, 5][16, 7, 1, 12, 0, 10, 2]] PASS
28; [3,4,14,7] : [[27, 26, 25][24, 23, 21, 19][22, 18, 15, 20, 14, 6, 17, 5, 16, 4, 11, 2, 12, 8][13, 3, 10, 7, 1, 9, 0]] PASS
28; [8,3,4,13] : [[27, 26, 25, 24, 22, 20, 23, 19][21, 18, 12][17, 8, 16, 6][15, 7, 3, 14, 2, 9, 4, 11, 5, 10, 0, 13, 1]] PASS
28; [9,3,12,4] : [[27, 26, 25, 24, 22, 20, 23, 19, 16][21, 17, 10][18, 7, 15, 6, 13, 3, 8, 2, 14, 1, 11, 5][12, 4, 9, 0]] PASS
28; [3,10,11,4] : [[27, 26, 25][24, 23, 21, 19, 22, 18, 15, 20, 12, 8][17, 7, 2, 14, 6, 13, 0, 9, 3, 16, 5][11, 4, 10, 1]] PASS
28; [3,4,21] : [[27, 26, 25][24, 23, 21, 19][22, 18, 15, 20, 14, 8, 5, 17, 6, 16, 3, 13, 0, 9, 2, 10, 1, 12, 4, 11, 7]] PASS
28; [3,5,5,5,5,5] : [[27, 26, 25][24, 23, 21, 19, 16][22, 18, 15, 11, 6][20, 9, 3, 17, 5][14, 7, 0, 10, 1][13, 8, 2, 12, 4]] PASS
28; [10,3,5,5,5] : [[27, 26, 25, 24, 22, 20, 23, 19, 16, 12][21, 15, 7][18, 8, 2, 11, 4][17, 6, 1, 13, 5][14, 9, 0, 10, 3]] PASS
28; [9,3,5,5,6] : [[27, 26, 25, 24, 22, 20, 23, 19, 16][21, 17, 9][18, 8, 3, 15, 7][14, 5, 12, 6, 1][13, 2, 11, 4, 10, 0]] PASS
28; [8,3,5,5,7] : [[27, 26, 25, 24, 22, 20, 23, 19][21, 18, 11][17, 10, 6, 16, 5][15, 7, 1, 13, 2][14, 8, 3, 12, 4, 9, 0]] PASS
28; [3,5,5,15] : [[27, 26, 25][24, 23, 21, 19, 16][22, 18, 15, 20, 8][17, 7, 14, 6, 2, 13, 3, 9, 0, 12, 1, 10, 5, 11, 4]] PASS
28; [8,3,5,6,6] : [[27, 26, 25, 24, 22, 20, 23, 19][21, 18, 12][17, 9, 5, 16, 7][15, 4, 10, 0, 14, 2][13, 6, 11, 3, 8, 1]] PASS
28; [3,5,6,7,7] : [[27, 26, 25][24, 23, 21, 19, 16][22, 18, 15, 11, 20, 8][17, 7, 2, 14, 3, 9, 4][13, 6, 0, 10, 1, 12, 5]] PASS
28; [3,14,6,5] : [[27, 26, 25][24, 23, 21, 19, 22, 18, 15, 20, 12, 8, 3, 13, 0, 9][17, 6, 16, 5, 11, 4][14, 7, 1, 10, 2]] PASS
28; [3,5,13,7] : [[27, 26, 25][24, 23, 21, 19, 16][22, 18, 15, 20, 9, 5, 17, 6, 14, 4, 11, 2, 8][13, 3, 10, 1, 7, 12, 0]] PASS
28; [8,3,12,5] : [[27, 26, 25, 24, 22, 20, 23, 19][21, 18, 12][17, 8, 16, 6, 14, 3, 15, 1, 13, 2, 9, 4][11, 7, 0, 10, 5]] PASS
28; [3,9,11,5] : [[27, 26, 25][24, 23, 21, 19, 22, 18, 15, 20, 11][17, 8, 4, 16, 6, 12, 1, 9, 2, 14, 3][13, 7, 0, 10, 5]] PASS
28; [3,20,5] : [[27, 26, 25][24, 23, 21, 19, 22, 18, 15, 20, 12, 8, 3, 16, 6, 17, 5, 13, 0, 11, 2, 9][14, 7, 1, 10, 4]] PASS
28; [3,6,6,6,7] : [[27, 26, 25][24, 23, 21, 19, 22, 18][20, 17, 10, 6, 16, 7][15, 5, 14, 0, 11, 3][13, 8, 2, 9, 4, 12, 1]] PASS
28; [3,13,6,6] : [[27, 26, 25][24, 23, 21, 19, 22, 18, 15, 20, 13, 7, 17, 6, 10][16, 5, 14, 2, 8, 3][12, 4, 11, 1, 9, 0]] PASS
28; [3,12,6,7] : [[27, 26, 25][24, 23, 21, 19, 22, 18, 15, 20, 12, 8, 3, 10][17, 6, 16, 4, 14, 5][13, 7, 1, 9, 2, 11, 0]] PASS
28; [8,3,11,6] : [[27, 26, 25, 24, 22, 20, 23, 19][21, 18, 12][17, 9, 5, 16, 6, 11, 0, 14, 2, 15, 7][13, 4, 10, 3, 8, 1]] PASS
28; [9,10,3,6] : [[27, 26, 25, 24, 22, 20, 23, 19, 16][21, 17, 11, 6, 18, 5, 14, 4, 15, 8][12, 7, 0][13, 3, 9, 1, 10, 2]] PASS
28; [3,19,6] : [[27, 26, 25][24, 23, 21, 19, 22, 18, 15, 20, 13, 7, 17, 6, 16, 5, 9, 0, 12, 4, 10][14, 2, 11, 3, 8, 1]] PASS
28; [3,11,7,7] : [[27, 26, 25][24, 23, 21, 19, 22, 18, 15, 20, 12, 6, 10][17, 8, 3, 16, 4, 14, 5][13, 7, 0, 11, 1, 9, 2]] PASS
28; [8,10,3,7] : [[27, 26, 25, 24, 22, 20, 23, 19][21, 18, 14, 8, 17, 5, 16, 4, 12, 7][15, 9, 2][13, 6, 1, 10, 0, 11, 3]] PASS
28; [9,9,3,7] : [[27, 26, 25, 24, 22, 20, 23, 19, 16][21, 17, 10, 5, 18, 6, 15, 2, 9][12, 7, 1][14, 8, 0, 11, 3, 13, 4]] PASS
28; [18,3,7] : [[27, 26, 25, 24, 22, 20, 23, 19, 16, 21, 15, 7, 18, 5, 17, 4, 13, 6][14, 9, 3][12, 8, 1, 11, 2, 10, 0]] PASS
28; [8,8,9,3] : [[27, 26, 25, 24, 22, 20, 23, 19][21, 18, 14, 8, 17, 5, 16, 7][15, 9, 2, 10, 3, 13, 0, 12, 4][11, 6, 1]] PASS
28; [8,17,3] : [[27, 26, 25, 24, 22, 20, 23, 19][21, 18, 14, 9, 17, 6, 16, 5, 15, 1, 13, 4, 10, 3, 11, 2, 8][12, 7, 0]] PASS
28; [16,9,3] : [[27, 26, 25, 24, 22, 20, 23, 19, 16, 21, 15, 7, 18, 5, 17, 6][14, 9, 0, 13, 1, 10, 3, 11, 4][12, 8, 2]] PASS
28; [10,3,15] : [[27, 26, 25, 24, 22, 20, 23, 19, 16, 21][18, 10, 6][17, 8, 3, 15, 5, 11, 4, 12, 1, 14, 0, 9, 2, 13, 7]] PASS
28; [3,11,14] : [[27, 26, 25][24, 23, 21, 19, 22, 18, 15, 20, 13, 6, 10][17, 7, 16, 5, 14, 2, 8, 3, 9, 1, 11, 0, 12, 4]] PASS
28; [3,12,13] : [[27, 26, 25][24, 23, 21, 19, 22, 18, 15, 20, 12, 8, 3, 10][17, 7, 1, 14, 6, 16, 4, 13, 2, 9, 0, 11, 5]] PASS
28; [8,4,4,4,4,4] : [[27, 26, 25, 24, 22, 20, 23, 19][21, 18, 14, 9][17, 8, 1, 7][16, 3, 10, 2][15, 5, 13, 4][12, 6, 11, 0]] PASS
28; [4,4,4,4,5,7] : [[27, 26, 25, 24][23, 21, 19, 16][22, 18, 15, 11][20, 6, 17, 5][14, 8, 3, 12, 4][13, 7, 2, 9, 1, 10, 0]] PASS
28; [4,4,4,4,6,6] : [[27, 26, 25, 24][23, 21, 19, 16][22, 18, 15, 11][20, 10, 2, 7][17, 6, 12, 4, 14, 5][13, 1, 8, 3, 9, 0]] PASS
28; [12,4,4,4,4] : [[27, 26, 25, 24, 22, 20, 23, 19, 16, 21, 17, 8][18, 7, 15, 5][14, 6, 13, 1][12, 2, 11, 0][10, 4, 9, 3]] PASS
28; [4,4,4,5,5,6] : [[27, 26, 25, 24][23, 21, 19, 16][22, 18, 15, 11][20, 9, 4, 17, 7][14, 6, 0, 12, 5][13, 3, 8, 2, 10, 1]] PASS
28; [11,4,4,4,5] : [[27, 26, 25, 24, 22, 20, 23, 19, 16, 21, 14][18, 7, 17, 6][15, 5, 11, 2][13, 1, 9, 0][12, 8, 3, 10, 4]] PASS
28; [10,4,4,4,6] : [[27, 26, 25, 24, 22, 20, 23, 19, 16, 21][18, 10, 4, 8][17, 7, 14, 5][13, 2, 9, 0][15, 3, 11, 6, 12, 1]] PASS
28; [9,4,4,4,7] : [[27, 26, 25, 24, 22, 20, 23, 19, 16][21, 17, 7, 12][18, 6, 15, 5][10, 4, 9, 2][14, 8, 1, 13, 0, 11, 3]] PASS
28; [8,8,4,4,4] : [[27, 26, 25, 24, 22, 20, 23, 19][21, 18, 14, 9, 17, 8, 2, 7][16, 6, 15, 5][13, 1, 12, 0][11, 4, 10, 3]] PASS
28; [16,4,4,4] : [[27, 26, 25, 24, 22, 20, 23, 19, 16, 21, 17, 7, 18, 6, 14, 8][15, 4, 9, 2][13, 1, 10, 0][12, 5, 11, 3]] PASS
28; [4,4,5,5,5,5] : [[27, 26, 25, 24][23, 21, 19, 16][22, 18, 15, 11, 6][20, 8, 3, 14, 5][17, 9, 2, 12, 4][13, 7, 1, 10, 0]] PASS
28; [10,4,4,5,5] : [[27, 26, 25, 24, 22, 20, 23, 19, 16, 21][18, 8, 17, 6][15, 5, 11, 3][14, 1, 12, 7, 0][13, 9, 2, 10, 4]] PASS
28; [9,4,4,5,6] : [[27, 26, 25, 24, 22, 20, 23, 19, 16][21, 17, 7, 12][18, 6, 15, 5][14, 8, 2, 10, 3][13, 1, 9, 4, 11, 0]] PASS
28; [8,4,4,5,7] : [[27, 26, 25, 24, 22, 20, 23, 19][21, 18, 14, 9][17, 6, 16, 4][15, 8, 3, 12, 1][13, 7, 0, 10, 2, 11, 5]] PASS
28; [4,4,5,15] : [[27, 26, 25, 24][23, 21, 19, 16][22, 18, 15, 20, 8][17, 7, 3, 14, 0, 12, 2, 9, 1, 10, 4, 13, 5, 11, 6]] PASS
28; [8,4,4,6,6] : [[27, 26, 25, 24, 22, 20, 23, 19][21, 18, 14, 9][17, 8, 2, 7][16, 6, 12, 0, 13, 5][15, 4, 11, 3, 10, 1]] PASS
28; [4,4,6,7,7] : [[27, 26, 25, 24][23, 21, 19, 16][22, 18, 15, 11, 5, 10][20, 9, 0, 12, 4, 14, 6][17, 8, 1, 7, 2, 13, 3]] PASS
28; [4,4,14,6] : [[27, 26, 25, 24][23, 21, 19, 16][22, 18, 15, 20, 8, 4, 17, 7, 2, 13, 3, 10, 1, 9][14, 6, 12, 0, 11, 5]] PASS
28; [4,4,13,7] : [[27, 26, 25, 24][23, 21, 19, 16][22, 18, 15, 20, 8, 4, 17, 6, 14, 5, 12, 3, 9][13, 7, 2, 10, 0, 11, 1]] PASS
28; [8,4,4,12] : [[27, 26, 25, 24, 22, 20, 23, 19][21, 18, 14, 9][17, 8, 2, 7][16, 6, 15, 1, 13, 0, 11, 3, 10, 4, 12, 5]] PASS
28; [9,11,4,4] : [[27, 26, 25, 24, 22, 20, 23, 19, 16][21, 17, 12, 7, 18, 6, 15, 5, 13, 0, 8][14, 3, 9, 2][11, 4, 10, 1]] PASS
28; [10,10,4,4] : [[27, 26, 25, 24, 22, 20, 23, 19, 16, 21][18, 10, 6, 17, 8, 3, 14, 4, 11, 5][15, 7, 13, 1][12, 2, 9, 0]] PASS
28; [20,4,4] : [[27, 26, 25, 24, 22, 20, 23, 19, 16, 21, 17, 7, 18, 6, 15, 5, 12, 0, 13, 8][14, 3, 9, 1][11, 4, 10, 2]] PASS
28; [9,4,5,5,5] : [[27, 26, 25, 24, 22, 20, 23, 19, 16][21, 17, 5, 10][18, 9, 3, 13, 6][15, 8, 0, 11, 2][14, 4, 12, 7, 1]] PASS
28; [8,4,5,5,6] : [[27, 26, 25, 24, 22, 20, 23, 19][21, 18, 14, 9][17, 8, 3, 16, 6][13, 7, 0, 12, 5][15, 4, 10, 2, 11, 1]] PASS
28; [4,5,5,7,7] : [[27, 26, 25, 24][23, 21, 19, 22, 18][20, 17, 7, 16, 6][15, 9, 4, 11, 0, 14, 3][13, 5, 12, 8, 2, 10, 1]] PASS
28; [4,5,5,14] : [[27, 26, 25, 24][23, 21, 19, 22, 18][20, 17, 10, 4, 8][16, 7, 15, 6, 11, 1, 14, 3, 9, 2, 12, 0, 13, 5]] PASS
28; [4,5,6,6,7] : [[27, 26, 25, 24][23, 21, 19, 22, 18][20, 17, 10, 6, 16, 7][15, 5, 12, 4, 9, 3][14, 8, 0, 11, 2, 13, 1]] PASS
28; [4,13,6,5] : [[27, 26, 25, 24][23, 21, 19, 22, 18, 15, 20, 12, 8, 3, 11, 2, 9][16, 5, 14, 0, 10, 4][17, 7, 1, 13, 6]] PASS
28; [4,12,5,7] : [[27, 26, 25, 24][23, 21, 19, 22, 18, 15, 20, 12, 6, 17, 5, 10][16, 8, 4, 14, 3][13, 7, 0, 9, 2, 11, 1]] PASS
28; [8,11,4,5] : [[27, 26, 25, 24, 22, 20, 23, 19][21, 18, 14, 9, 17, 6, 16, 4, 15, 1, 8][12, 3, 10, 0][13, 7, 2, 11, 5]] PASS
28; [9,10,4,5] : [[27, 26, 25, 24, 22, 20, 23, 19, 16][21, 17, 11, 6, 18, 5, 15, 4, 13, 8][12, 3, 9, 1][14, 7, 0, 10, 2]] PASS
28; [19,4,5] : [[27, 26, 25, 24, 22, 20, 23, 19, 16, 21, 15, 9, 5, 18, 7, 14, 3, 11, 6][12, 2, 10, 0][17, 8, 1, 13, 4]] PASS
28; [4,6,6,6,6] : [[27, 26, 25, 24][23, 21, 19, 22, 18, 15][20, 14, 9, 5, 17, 7][16, 6, 13, 0, 11, 4][12, 3, 8, 2, 10, 1]] PASS
28; [4,12,6,6] : [[27, 26, 25, 24][23, 21, 19, 22, 18, 15, 20, 13, 7, 17, 6, 10][16, 5, 14, 2, 8, 3][12, 4, 11, 1, 9, 0]] PASS
28; [11,4,6,7] : [[27, 26, 25, 24, 22, 20, 23, 19, 16, 21, 14][18, 7, 17, 6][15, 5, 10, 4, 11, 2][13, 1, 9, 3, 12, 8, 0]] PASS
28; [8,10,4,6] : [[27, 26, 25, 24, 22, 20, 23, 19][21, 18, 14, 9, 17, 8, 3, 12, 0, 7][15, 4, 10, 2][16, 6, 13, 1, 11, 5]] PASS
28; [9,9,4,6] : [[27, 26, 25, 24, 22, 20, 23, 19, 16][21, 17, 12, 7, 18, 6, 14, 2, 8][15, 5, 11, 4][13, 3, 10, 1, 9, 0]] PASS
28; [18,4,6] : [[27, 26, 25, 24, 22, 20, 23, 19, 16, 21, 17, 7, 18, 6, 15, 2, 14, 8][12, 4, 11, 1][13, 5, 10, 3, 9, 0]] PASS
28; [10,4,7,7] : [[27, 26, 25, 24, 22, 20, 23, 19, 16, 21][18, 8, 17, 6][15, 9, 5, 13, 2, 14, 1][12, 7, 0, 10, 4, 11, 3]] PASS
28; [8,9,4,7] : [[27, 26, 25, 24, 22, 20, 23, 19][21, 18, 14, 9, 17, 6, 16, 2, 8][13, 4, 10, 1][15, 5, 12, 7, 0, 11, 3]] PASS
28; [17,4,7] : [[27, 26, 25, 24, 22, 20, 23, 19, 16, 21, 15, 9, 5, 18, 7, 14, 6][13, 2, 11, 1][17, 8, 3, 10, 0, 12, 4]] PASS
28; [8,8,8,4] : [[27, 26, 25, 24, 22, 20, 23, 19][21, 18, 14, 9, 17, 8, 2, 7][16, 6, 15, 3, 10, 4, 12, 5][13, 1, 11, 0]] PASS
28; [8,16,4] : [[27, 26, 25, 24, 22, 20, 23, 19][21, 18, 14, 9, 17, 8, 3, 16, 5, 11, 4, 15, 6, 13, 1, 7][12, 2, 10, 0]] PASS
28; [9,4,15] : [[27, 26, 25, 24, 22, 20, 23, 19, 16][21, 17, 7, 12][18, 8, 3, 15, 4, 10, 2, 9, 1, 14, 5, 11, 0, 13, 6]] PASS
28; [10,4,14] : [[27, 26, 25, 24, 22, 20, 23, 19, 16, 21][18, 10, 4, 8][17, 7, 15, 6, 11, 5, 12, 1, 13, 0, 9, 2, 14, 3]] PASS
28; [11,4,13] : [[27, 26, 25, 24, 22, 20, 23, 19, 16, 21, 14][18, 7, 17, 6][15, 8, 4, 13, 0, 12, 3, 9, 1, 11, 5, 10, 2]] PASS
28; [4,12,12] : [[27, 26, 25, 24][23, 21, 19, 22, 18, 15, 20, 13, 7, 17, 6, 10][16, 5, 14, 2, 11, 1, 8, 0, 12, 4, 9, 3]] PASS
28; [8,5,5,5,5] : [[27, 26, 25, 24, 22, 20, 23, 19][21, 18, 13, 6, 10][17, 8, 3, 11, 5][16, 9, 0, 14, 4][15, 7, 1, 12, 2]] PASS
28; [5,5,5,6,7] : [[27, 26, 25, 24, 22][23, 21, 18, 15, 19][20, 13, 6, 17, 7][16, 4, 9, 1, 12, 3][14, 8, 0, 10, 5, 11, 2]] PASS
28; [5,5,5,13] : [[27, 26, 25, 24, 22][23, 21, 18, 15, 19][20, 13, 6, 17, 7][16, 8, 3, 14, 1, 9, 0, 12, 2, 11, 5, 10, 4]] PASS
28; [5,5,6,6,6] : [[27, 26, 25, 24, 22][23, 21, 18, 15, 19][20, 13, 8, 2, 14, 7][17, 6, 16, 5, 10, 4][12, 3, 11, 1, 9, 0]] PASS
28; [12,5,5,6] : [[27, 26, 25, 24, 22, 20, 23, 19, 16, 21, 15, 8][18, 9, 5, 17, 6][14, 4, 12, 7, 1][13, 3, 10, 2, 11, 0]] PASS
28; [11,5,5,7] : [[27, 26, 25, 24, 22, 20, 23, 19, 16, 21, 12][18, 10, 6, 17, 5][15, 8, 0, 11, 2][14, 7, 1, 13, 3, 9, 4]] PASS
28; [8,10,5,5] : [[27, 26, 25, 24, 22, 20, 23, 19][21, 18, 14, 8, 17, 5, 15, 4, 11, 6][16, 9, 1, 12, 3][13, 7, 2, 10, 0]] PASS
28; [9,9,5,5] : [[27, 26, 25, 24, 22, 20, 23, 19, 16][21, 17, 10, 5, 18, 6, 14, 4, 9][15, 8, 0, 11, 2][13, 7, 1, 12, 3]] PASS
28; [18,5,5] : [[27, 26, 25, 24, 22, 20, 23, 19, 16, 21, 15, 7, 18, 5, 12, 2, 14, 6][17, 8, 3, 10, 4][13, 9, 0, 11, 1]] PASS
28; [11,5,6,6] : [[27, 26, 25, 24, 22, 20, 23, 19, 16, 21, 14][18, 8, 4, 17, 7][15, 6, 12, 0, 11, 2][13, 5, 10, 3, 9, 1]] PASS
28; [10,5,6,7] : [[27, 26, 25, 24, 22, 20, 23, 19, 16, 21][18, 10, 6, 17, 7][15, 5, 11, 4, 12, 3][14, 1, 13, 8, 2, 9, 0]] PASS
28; [8,9,5,6] : [[27, 26, 25, 24, 22, 20, 23, 19][21, 18, 14, 9, 17, 6, 15, 3, 8][13, 7, 1, 11, 4][16, 5, 12, 0, 10, 2]] PASS
28; [17,5,6] : [[27, 26, 25, 24, 22, 20, 23, 19, 16, 21, 15, 9, 5, 18, 7, 14, 6][17, 8, 3, 11, 4][13, 2, 12, 0, 10, 1]] PASS
28; [9,5,7,7] : [[27, 26, 25, 24, 22, 20, 23, 19, 16][21, 17, 10, 4, 9][18, 8, 3, 14, 1, 13, 5][15, 7, 0, 11, 2, 12, 6]] PASS
28; [8,8,5,7] : [[27, 26, 25, 24, 22, 20, 23, 19][21, 18, 14, 8, 17, 5, 16, 7][15, 9, 4, 11, 3][13, 6, 1, 12, 2, 10, 0]] PASS
28; [16,5,7] : [[27, 26, 25, 24, 22, 20, 23, 19, 16, 21, 15, 7, 18, 5, 17, 6][14, 8, 1, 11, 2][13, 9, 4, 12, 3, 10, 0]] PASS
28; [8,5,15] : [[27, 26, 25, 24, 22, 20, 23, 19][21, 18, 14, 6, 11][17, 8, 3, 16, 7, 13, 2, 9, 1, 15, 4, 10, 0, 12, 5]] PASS
28; [9,5,14] : [[27, 26, 25, 24, 22, 20, 23, 19, 16][21, 17, 12, 3, 8][18, 7, 15, 6, 13, 1, 9, 2, 14, 4, 10, 0, 11, 5]] PASS
28; [10,13,5] : [[27, 26, 25, 24, 22, 20, 23, 19, 16, 21][18, 10, 6, 17, 7, 15, 5, 12, 3, 9, 0, 11, 4][14, 2, 8, 13, 1]] PASS
28; [11,12,5] : [[27, 26, 25, 24, 22, 20, 23, 19, 16, 21, 14][18, 7, 17, 6, 15, 3, 11, 4, 10, 1, 9, 5][13, 8, 2, 12, 0]] PASS
28; [10,6,6,6] : [[27, 26, 25, 24, 22, 20, 23, 19, 16, 21][18, 10, 6, 17, 3, 8][15, 7, 13, 4, 11, 5][14, 2, 9, 0, 12, 1]] PASS
28; [9,6,6,7] : [[27, 26, 25, 24, 22, 20, 23, 19, 16][21, 17, 11, 6, 18, 8][15, 5, 14, 3, 10, 2][13, 7, 0, 12, 1, 9, 4]] PASS
28; [8,8,6,6] : [[27, 26, 25, 24, 22, 20, 23, 19][21, 18, 14, 9, 17, 8, 2, 7][16, 6, 15, 4, 10, 3][13, 5, 12, 0, 11, 1]] PASS
28; [16,6,6] : [[27, 26, 25, 24, 22, 20, 23, 19, 16, 21, 17, 7, 18, 6, 15, 8][14, 5, 11, 0, 13, 1][12, 4, 9, 3, 10, 2]] PASS
28; [8,6,7,7] : [[27, 26, 25, 24, 22, 20, 23, 19][21, 18, 14, 8, 17, 7][16, 9, 4, 15, 3, 11, 5][13, 6, 1, 10, 2, 12, 0]] PASS
28; [15,6,7] : [[27, 26, 25, 24, 22, 20, 23, 19, 16, 21, 15, 9, 5, 18, 8][17, 6, 11, 3, 13, 4][14, 7, 0, 12, 1, 10, 2]] PASS
28; [8,6,14] : [[27, 26, 25, 24, 22, 20, 23, 19][21, 18, 14, 9, 17, 6][16, 7, 15, 5, 12, 1, 13, 0, 10, 4, 11, 2, 8, 3]] PASS
28; [9,13,6] : [[27, 26, 25, 24, 22, 20, 23, 19, 16][21, 17, 12, 7, 18, 6, 15, 5, 14, 2, 13, 0, 8][11, 4, 10, 3, 9, 1]] PASS
28; [10,12,6] : [[27, 26, 25, 24, 22, 20, 23, 19, 16, 21][18, 10, 6, 17, 8, 3, 15, 7, 13, 1, 14, 4][12, 5, 11, 0, 9, 2]] PASS
28; [11,11,6] : [[27, 26, 25, 24, 22, 20, 23, 19, 16, 21, 14][18, 8, 4, 17, 7, 15, 3, 9, 1, 10, 5][13, 6, 12, 0, 11, 2]] PASS
28; [14,7,7] : [[27, 26, 25, 24, 22, 20, 23, 19, 16, 21, 15, 7, 18, 6][17, 9, 5, 14, 3, 10, 4][13, 8, 1, 11, 2, 12, 0]] PASS
28; [8,13,7] : [[27, 26, 25, 24, 22, 20, 23, 19][21, 18, 14, 9, 17, 6, 16, 5, 15, 3, 10, 1, 7][13, 8, 2, 11, 4, 12, 0]] PASS
28; [9,12,7] : [[27, 26, 25, 24, 22, 20, 23, 19, 16][21, 17, 11, 6, 18, 5, 14, 3, 13, 4, 15, 8][12, 7, 1, 9, 2, 10, 0]] PASS
28; [10,11,7] : [[27, 26, 25, 24, 22, 20, 23, 19, 16, 21][18, 10, 6, 17, 7, 15, 5, 12, 3, 9, 4][14, 8, 1, 13, 0, 11, 2]] PASS
28; [8,8,12] : [[27, 26, 25, 24, 22, 20, 23, 19][21, 18, 14, 9, 17, 8, 2, 7][16, 6, 15, 5, 13, 1, 12, 0, 11, 4, 10, 3]] PASS
28; [8,9,11] : [[27, 26, 25, 24, 22, 20, 23, 19][21, 18, 14, 9, 17, 6, 16, 2, 8][15, 7, 1, 13, 4, 11, 0, 12, 3, 10, 5]] PASS
28; [8,10,10] : [[27, 26, 25, 24, 22, 20, 23, 19][21, 18, 14, 9, 17, 8, 3, 13, 1, 7][16, 6, 15, 2, 10, 4, 11, 0, 12, 5]] PASS
28; [9,9,10] : [[27, 26, 25, 24, 22, 20, 23, 19, 16][21, 17, 12, 7, 18, 6, 15, 2, 8][14, 5, 13, 1, 9, 3, 10, 0, 11, 4]] PASS